G3dErrFileVersion 2018P3.1
FlagFileMetaData Begin
   Mesh Size - Setup1, Refinement, Pass #1, Freq. 1.100000e+10 :Title    
   Listing of mesh elements with small segments. :ToolTip  
   hf3d :Author   
   1698519422 :TimeStamp
FlagFileMetaData End
BEGIN_ERR 
26 Small mesh segment detected on body : Cylinder1
 Small mesh segment detected on body : Cylinder1 
 Segment Statistics - Number of Segments : 1 --- Segment length(s) : 0.414948mm. The cutoff frequency for S-Matrix Only Solve is 14.9896229MHz 
2 -1  8  # nfids, fids[]
2 6  -1  # nbids, bids[]
      6 2 1 0 #ntets ntri ned npts
           2.2461212450000008e+00  -3.3645581087499998e+00   0.0000000000000000e+00 #xyz tv0
           1.9134171600000003e+00  -4.6193976599999997e+00   3.5836479579387195e+00 #xyz tv1
           3.5355339099999998e+00  -3.5355339099999998e+00   7.5000000000000000e+00 #xyz tv2
           2.6516504324999999e+00  -3.2766504325000003e+00   0.0000000000000000e+00 -1 6 #xyz tv3 fid bid
           3.5355339099999998e+00  -3.5355339099999998e+00   7.5000000000000000e+00 #xyz tv0
           4.6193976599999997e+00  -1.9134171600000003e+00   5.6250000000000000e+00 #xyz tv1
           2.2461212450000008e+00  -3.3645581087499998e+00   0.0000000000000000e+00 #xyz tv2
           2.6516504324999999e+00  -3.2766504325000003e+00   0.0000000000000000e+00 -1 6 #xyz tv3 fid bid
           1.9134171600000003e+00  -4.6193976599999997e+00   3.5836479579387195e+00 #xyz tv0
           2.6516504324999999e+00  -3.2766504325000003e+00   0.0000000000000000e+00 #xyz tv1
           2.2461212450000008e+00  -3.3645581087499998e+00   0.0000000000000000e+00 #xyz tv2
           1.9134171600000003e+00  -4.6193976599999997e+00   0.0000000000000000e+00 -1 6 #xyz tv3 fid bid
           4.6193976599999997e+00  -1.9134171600000003e+00   5.6250000000000000e+00 #xyz tv0
           2.0069441000000001e+00  -2.5661625318749999e+00   0.0000000000000000e+00 #xyz tv1
           2.2461212450000008e+00  -3.3645581087499998e+00   0.0000000000000000e+00 #xyz tv2
           2.6516504324999999e+00  -3.2766504325000003e+00   0.0000000000000000e+00 -1 6 #xyz tv3 fid bid
           2.2461212450000008e+00  -3.3645581087499998e+00   0.0000000000000000e+00 #xyz tv0
           0.0000000000000000e+00   0.0000000000000000e+00  -1.0000000000000000e+01 #xyz tv1
           1.9134171600000003e+00  -4.6193976599999997e+00   0.0000000000000000e+00 #xyz tv2
           2.6516504324999999e+00  -3.2766504325000003e+00   0.0000000000000000e+00 -1 6 #xyz tv3 fid bid
           2.0069441000000001e+00  -2.5661625318749999e+00   0.0000000000000000e+00 #xyz tv0
           0.0000000000000000e+00   0.0000000000000000e+00  -1.0000000000000000e+01 #xyz tv1
           2.2461212450000008e+00  -3.3645581087499998e+00   0.0000000000000000e+00 #xyz tv2
           2.6516504324999999e+00  -3.2766504325000003e+00   0.0000000000000000e+00 -1 6 #xyz tv3 fid bid
           2.2461212450000008e+00  -3.3645581087499998e+00   0.0000000000000000e+00 #xyz tv0
           1.9134171600000003e+00  -4.6193976599999997e+00   0.0000000000000000e+00 #xyz tv1
           2.6516504324999999e+00  -3.2766504325000003e+00   0.0000000000000000e+00 8 -1 #xyz tv2 fid bid
           2.0069441000000001e+00  -2.5661625318749999e+00   0.0000000000000000e+00 #xyz tv0
           2.2461212450000008e+00  -3.3645581087499998e+00   0.0000000000000000e+00 #xyz tv1
           2.6516504324999999e+00  -3.2766504325000003e+00   0.0000000000000000e+00 8 -1 #xyz tv2 fid bid
           2.6516504324999999e+00  -3.2766504325000003e+00   0.0000000000000000e+00 #xyz ev0
           2.2461212450000008e+00  -3.3645581087499998e+00   0.0000000000000000e+00 -1 6 #xyz ev1 fid bid
   0   0.000000000000e+00   0.000000000000e+00   0.000000000000e+00 #flag location
END_ERR 
G3dErrFileVersion 2018P3.1
FlagFileMetaData Begin
   Mesh Size - Setup1, Refinement, Pass #2, Freq. 1.100000e+10 :Title    
   Listing of mesh elements with small segments. :ToolTip  
   hf3d :Author   
   1698519425 :TimeStamp
FlagFileMetaData End
BEGIN_ERR 
26 Small mesh segment detected on body : Cylinder1
 Small mesh segment detected on body : Cylinder1 
 Segment Statistics - Number of Segments : 1 --- Segment length(s) : 0.487726mm. The cutoff frequency for S-Matrix Only Solve is 14.9896229MHz 
3 -1  8  7  # nfids, fids[]
2 6  -1  # nbids, bids[]
      5 2 1 0 #ntets ntri ned npts
           4.7835429000000007e-01   4.9048494150000002e+00   0.0000000000000000e+00 #xyz tv0
           6.0955560187461100e-01   2.8231133111704869e+00   1.1398530604567760e+00 #xyz tv1
           1.9134171600000003e+00   4.6193976599999997e+00   3.8113775906868739e+00 #xyz tv2
           9.5670858000000014e-01   4.8096988300000003e+00   0.0000000000000000e+00 -1 6 #xyz tv3 fid bid
           2.4804687500000000e+00   7.9882812500000000e+00  -2.7148437500000009e+00 #xyz tv0
           4.7835429000000007e-01   4.9048494150000002e+00   0.0000000000000000e+00 #xyz tv1
           1.9134171600000003e+00   4.6193976599999997e+00   3.8113775906868739e+00 #xyz tv2
           9.5670858000000014e-01   4.8096988300000003e+00   0.0000000000000000e+00 -1 6 #xyz tv3 fid bid
           4.7835429000000007e-01   4.9048494150000002e+00   0.0000000000000000e+00 #xyz tv0
           9.5670858000000014e-01   3.5596988299999999e+00   0.0000000000000000e+00 #xyz tv1
           6.0955560187461100e-01   2.8231133111704869e+00   1.1398530604567760e+00 #xyz tv2
           9.5670858000000014e-01   4.8096988300000003e+00   0.0000000000000000e+00 -1 6 #xyz tv3 fid bid
           4.7835429000000007e-01   4.9048494150000002e+00   0.0000000000000000e+00 #xyz tv0
           2.4804687500000000e+00   7.9882812500000000e+00  -2.7148437500000009e+00 #xyz tv1
           0.0000000000000000e+00   0.0000000000000000e+00  -1.0000000000000000e+01 #xyz tv2
           9.5670858000000014e-01   4.8096988300000003e+00   0.0000000000000000e+00 -1 6 #xyz tv3 fid bid
           4.7835429000000007e-01   4.9048494150000002e+00   0.0000000000000000e+00 #xyz tv0
           0.0000000000000000e+00   0.0000000000000000e+00  -1.0000000000000000e+01 #xyz tv1
           9.5670858000000014e-01   3.5596988299999999e+00   0.0000000000000000e+00 #xyz tv2
           9.5670858000000014e-01   4.8096988300000003e+00   0.0000000000000000e+00 -1 6 #xyz tv3 fid bid
           4.7835429000000007e-01   4.9048494150000002e+00   0.0000000000000000e+00 #xyz tv0
           9.5670858000000014e-01   3.5596988299999999e+00   0.0000000000000000e+00 #xyz tv1
           9.5670858000000014e-01   4.8096988300000003e+00   0.0000000000000000e+00 8 -1 #xyz tv2 fid bid
           1.9134171600000003e+00   4.6193976599999997e+00   3.8113775906868739e+00 #xyz tv0
           4.7835429000000007e-01   4.9048494150000002e+00   0.0000000000000000e+00 #xyz tv1
           9.5670858000000014e-01   4.8096988300000003e+00   0.0000000000000000e+00 7 -1 #xyz tv2 fid bid
           9.5670858000000014e-01   4.8096988300000003e+00   0.0000000000000000e+00 #xyz ev0
           4.7835429000000007e-01   4.9048494150000002e+00   0.0000000000000000e+00 -1 6 #xyz ev1 fid bid
   0   0.000000000000e+00   0.000000000000e+00   0.000000000000e+00 #flag location
END_ERR 
G3dErrFileVersion 2018P3.1
FlagFileMetaData Begin
   Mesh Size - Setup1, Refinement, Pass #3, Freq. 1.100000e+10 :Title    
   Listing of mesh elements with small segments. :ToolTip  
   hf3d :Author   
   1698519427 :TimeStamp
FlagFileMetaData End
BEGIN_ERR 
26 Small mesh segment detected on body : Cylinder1
 Small mesh segment detected on body : Cylinder1 
 Segment Statistics - Number of Segments : 1 --- Segment length(s) : 0.487726mm. The cutoff frequency for S-Matrix Only Solve is 14.9896229MHz 
3 -1  8  7  # nfids, fids[]
2 6  -1  # nbids, bids[]
      5 2 1 0 #ntets ntri ned npts
           9.5670858000000014e-01   4.8096988300000003e+00   0.0000000000000000e+00 #xyz tv0
           0.0000000000000000e+00   5.0000000000000000e+00   2.2463123325284688e+00 #xyz tv1
           6.9299586620496345e-01   3.1194359108972920e+00   1.3021285644912797e+00 #xyz tv2
           4.7835429000000007e-01   4.9048494150000002e+00   0.0000000000000000e+00 -1 6 #xyz tv3 fid bid
           4.7835429000000007e-01   4.9048494150000002e+00   0.0000000000000000e+00 #xyz tv0
           9.5670858000000014e-01   3.5596988299999999e+00   0.0000000000000000e+00 #xyz tv1
           6.9299586620496345e-01   3.1194359108972920e+00   1.3021285644912797e+00 #xyz tv2
           9.5670858000000014e-01   4.8096988300000003e+00   0.0000000000000000e+00 -1 6 #xyz tv3 fid bid
           2.4804687500000000e+00   7.9882812500000000e+00  -2.7148437500000009e+00 #xyz tv0
           0.0000000000000000e+00   5.0000000000000000e+00   2.2463123325284688e+00 #xyz tv1
           9.5670858000000014e-01   4.8096988300000003e+00   0.0000000000000000e+00 #xyz tv2
           4.7835429000000007e-01   4.9048494150000002e+00   0.0000000000000000e+00 -1 6 #xyz tv3 fid bid
           4.7835429000000007e-01   4.9048494150000002e+00   0.0000000000000000e+00 #xyz tv0
           0.0000000000000000e+00   0.0000000000000000e+00  -1.0000000000000000e+01 #xyz tv1
           9.5670858000000014e-01   3.5596988299999999e+00   0.0000000000000000e+00 #xyz tv2
           9.5670858000000014e-01   4.8096988300000003e+00   0.0000000000000000e+00 -1 6 #xyz tv3 fid bid
           4.7835429000000007e-01   4.9048494150000002e+00   0.0000000000000000e+00 #xyz tv0
           2.4804687500000000e+00   7.9882812500000000e+00  -2.7148437500000009e+00 #xyz tv1
           0.0000000000000000e+00   0.0000000000000000e+00  -1.0000000000000000e+01 #xyz tv2
           9.5670858000000014e-01   4.8096988300000003e+00   0.0000000000000000e+00 -1 6 #xyz tv3 fid bid
           4.7835429000000007e-01   4.9048494150000002e+00   0.0000000000000000e+00 #xyz tv0
           9.5670858000000014e-01   3.5596988299999999e+00   0.0000000000000000e+00 #xyz tv1
           9.5670858000000014e-01   4.8096988300000003e+00   0.0000000000000000e+00 8 -1 #xyz tv2 fid bid
           9.5670858000000014e-01   4.8096988300000003e+00   0.0000000000000000e+00 #xyz tv0
           0.0000000000000000e+00   5.0000000000000000e+00   2.2463123325284688e+00 #xyz tv1
           4.7835429000000007e-01   4.9048494150000002e+00   0.0000000000000000e+00 7 -1 #xyz tv2 fid bid
           9.5670858000000014e-01   4.8096988300000003e+00   0.0000000000000000e+00 #xyz ev0
           4.7835429000000007e-01   4.9048494150000002e+00   0.0000000000000000e+00 -1 6 #xyz ev1 fid bid
   0   0.000000000000e+00   0.000000000000e+00   0.000000000000e+00 #flag location
END_ERR 
G3dErrFileVersion 2018P3.1
FlagFileMetaData Begin
   Mesh Size - Setup1, Refinement, Pass #4, Freq. 1.100000e+10 :Title    
   Listing of mesh elements with small segments. :ToolTip  
   hf3d :Author   
   1698519429 :TimeStamp
FlagFileMetaData End
BEGIN_ERR 
26 Small mesh segment detected on body : Cylinder1
 Small mesh segment detected on body : Cylinder1 
 Segment Statistics - Number of Segments : 1 --- Segment length(s) : 0.487726mm. The cutoff frequency for S-Matrix Only Solve is 14.9896229MHz 
3 -1  8  7  # nfids, fids[]
2 6  -1  # nbids, bids[]
      5 2 1 0 #ntets ntri ned npts
           9.5670858000000014e-01   4.8096988300000003e+00   0.0000000000000000e+00 #xyz tv0
           0.0000000000000000e+00   5.0000000000000000e+00   2.2463123325284688e+00 #xyz tv1
           7.5230099552197049e-01   3.3129251069478043e+00   1.1375892844552615e+00 #xyz tv2
           4.7835429000000007e-01   4.9048494150000002e+00   0.0000000000000000e+00 -1 6 #xyz tv3 fid bid
           4.7835429000000007e-01   4.9048494150000002e+00   0.0000000000000000e+00 #xyz tv0
           9.5670858000000014e-01   3.5596988299999999e+00   0.0000000000000000e+00 #xyz tv1
           7.5230099552197049e-01   3.3129251069478043e+00   1.1375892844552615e+00 #xyz tv2
           9.5670858000000014e-01   4.8096988300000003e+00   0.0000000000000000e+00 -1 6 #xyz tv3 fid bid
           2.4804687500000000e+00   7.9882812500000000e+00  -2.7148437500000009e+00 #xyz tv0
           0.0000000000000000e+00   5.0000000000000000e+00   2.2463123325284688e+00 #xyz tv1
           9.5670858000000014e-01   4.8096988300000003e+00   0.0000000000000000e+00 #xyz tv2
           4.7835429000000007e-01   4.9048494150000002e+00   0.0000000000000000e+00 -1 6 #xyz tv3 fid bid
           4.7835429000000007e-01   4.9048494150000002e+00   0.0000000000000000e+00 #xyz tv0
           0.0000000000000000e+00   0.0000000000000000e+00  -1.0000000000000000e+01 #xyz tv1
           9.5670858000000014e-01   3.5596988299999999e+00   0.0000000000000000e+00 #xyz tv2
           9.5670858000000014e-01   4.8096988300000003e+00   0.0000000000000000e+00 -1 6 #xyz tv3 fid bid
           4.7835429000000007e-01   4.9048494150000002e+00   0.0000000000000000e+00 #xyz tv0
           2.4804687500000000e+00   7.9882812500000000e+00  -2.7148437500000009e+00 #xyz tv1
           0.0000000000000000e+00   0.0000000000000000e+00  -1.0000000000000000e+01 #xyz tv2
           9.5670858000000014e-01   4.8096988300000003e+00   0.0000000000000000e+00 -1 6 #xyz tv3 fid bid
           4.7835429000000007e-01   4.9048494150000002e+00   0.0000000000000000e+00 #xyz tv0
           9.5670858000000014e-01   3.5596988299999999e+00   0.0000000000000000e+00 #xyz tv1
           9.5670858000000014e-01   4.8096988300000003e+00   0.0000000000000000e+00 8 -1 #xyz tv2 fid bid
           9.5670858000000014e-01   4.8096988300000003e+00   0.0000000000000000e+00 #xyz tv0
           0.0000000000000000e+00   5.0000000000000000e+00   2.2463123325284688e+00 #xyz tv1
           4.7835429000000007e-01   4.9048494150000002e+00   0.0000000000000000e+00 7 -1 #xyz tv2 fid bid
           9.5670858000000014e-01   4.8096988300000003e+00   0.0000000000000000e+00 #xyz ev0
           4.7835429000000007e-01   4.9048494150000002e+00   0.0000000000000000e+00 -1 6 #xyz ev1 fid bid
   0   0.000000000000e+00   0.000000000000e+00   0.000000000000e+00 #flag location
END_ERR 
G3dErrFileVersion 2018P3.1
FlagFileMetaData Begin
   Mesh Size - Setup1, Refinement, Pass #5, Freq. 1.100000e+10 :Title    
   Listing of mesh elements with small segments. :ToolTip  
   hf3d :Author   
   1698519432 :TimeStamp
FlagFileMetaData End
BEGIN_ERR 
26 Small mesh segment detected on body : Cylinder1
 Small mesh segment detected on body : Cylinder1 
 Segment Statistics - Number of Segments : 1 --- Segment length(s) : 0.487726mm. The cutoff frequency for S-Matrix Only Solve is 14.9896229MHz 
3 -1  8  7  # nfids, fids[]
2 6  -1  # nbids, bids[]
      5 2 1 0 #ntets ntri ned npts
           4.7835429000000007e-01   4.9048494150000002e+00   1.1231561662642344e+00 #xyz tv0
           4.7835429000000007e-01   4.9048494150000002e+00   0.0000000000000000e+00 #xyz tv1
           8.5501043947975564e-01   3.4807862745312983e+00   8.1047043818018250e-01 #xyz tv2
           9.5670858000000014e-01   4.8096988300000003e+00   0.0000000000000000e+00 -1 6 #xyz tv3 fid bid
           4.7835429000000007e-01   4.9048494150000002e+00   0.0000000000000000e+00 #xyz tv0
           9.5670858000000014e-01   3.5596988299999999e+00   0.0000000000000000e+00 #xyz tv1
           8.5501043947975564e-01   3.4807862745312983e+00   8.1047043818018250e-01 #xyz tv2
           9.5670858000000014e-01   4.8096988300000003e+00   0.0000000000000000e+00 -1 6 #xyz tv3 fid bid
           4.7835429000000007e-01   4.9048494150000002e+00   1.1231561662642344e+00 #xyz tv0
           2.4804687500000000e+00   7.9882812500000000e+00  -2.7148437500000009e+00 #xyz tv1
           4.7835429000000007e-01   4.9048494150000002e+00   0.0000000000000000e+00 #xyz tv2
           9.5670858000000014e-01   4.8096988300000003e+00   0.0000000000000000e+00 -1 6 #xyz tv3 fid bid
           4.7835429000000007e-01   4.9048494150000002e+00   0.0000000000000000e+00 #xyz tv0
           0.0000000000000000e+00   0.0000000000000000e+00  -1.0000000000000000e+01 #xyz tv1
           9.5670858000000014e-01   3.5596988299999999e+00   0.0000000000000000e+00 #xyz tv2
           9.5670858000000014e-01   4.8096988300000003e+00   0.0000000000000000e+00 -1 6 #xyz tv3 fid bid
           4.7835429000000007e-01   4.9048494150000002e+00   0.0000000000000000e+00 #xyz tv0
           2.4804687500000000e+00   7.9882812500000000e+00  -2.7148437500000009e+00 #xyz tv1
           0.0000000000000000e+00   0.0000000000000000e+00  -1.0000000000000000e+01 #xyz tv2
           9.5670858000000014e-01   4.8096988300000003e+00   0.0000000000000000e+00 -1 6 #xyz tv3 fid bid
           4.7835429000000007e-01   4.9048494150000002e+00   0.0000000000000000e+00 #xyz tv0
           9.5670858000000014e-01   3.5596988299999999e+00   0.0000000000000000e+00 #xyz tv1
           9.5670858000000014e-01   4.8096988300000003e+00   0.0000000000000000e+00 8 -1 #xyz tv2 fid bid
           4.7835429000000007e-01   4.9048494150000002e+00   1.1231561662642344e+00 #xyz tv0
           4.7835429000000007e-01   4.9048494150000002e+00   0.0000000000000000e+00 #xyz tv1
           9.5670858000000014e-01   4.8096988300000003e+00   0.0000000000000000e+00 7 -1 #xyz tv2 fid bid
           9.5670858000000014e-01   4.8096988300000003e+00   0.0000000000000000e+00 #xyz ev0
           4.7835429000000007e-01   4.9048494150000002e+00   0.0000000000000000e+00 -1 6 #xyz ev1 fid bid
   0   0.000000000000e+00   0.000000000000e+00   0.000000000000e+00 #flag location
END_ERR 
G3dErrFileVersion 2018P3.1
FlagFileMetaData Begin
   Mesh Size - Setup1, Refinement, Pass #6, Freq. 1.100000e+10 :Title    
   Listing of mesh elements with small segments. :ToolTip  
   hf3d :Author   
   1698519434 :TimeStamp
FlagFileMetaData End
BEGIN_ERR 
26 Small mesh segment detected on body : Cylinder1
 Small mesh segment detected on body : Cylinder1 
 Segment Statistics - Number of Segments : 1 --- Segment length(s) : 0.487726mm. The cutoff frequency for S-Matrix Only Solve is 14.9896229MHz 
2 -1  7  # nfids, fids[]
2 6  -1  # nbids, bids[]
      5 2 1 0 #ntets ntri ned npts
          -1.9134171600000003e+00   4.6193976599999997e+00   1.3111599748497313e+00 #xyz tv0
          -1.1579901772370382e+00   3.8441573806756919e+00   2.1633729061677087e+00 #xyz tv1
          -1.9134171600000003e+00   4.6193976599999997e+00   2.6223199496994627e+00 #xyz tv2
          -1.4350628700000003e+00   4.7145482449999996e+00   1.3111599748497313e+00 -1 6 #xyz tv3 fid bid
          -1.9134171600000003e+00   4.6193976599999997e+00   1.3111599748497313e+00 #xyz tv0
          -7.9138404512032539e+00   8.5626640459220411e+00   3.6086633335493206e+00 #xyz tv1
          -1.4350628700000003e+00   4.7145482449999996e+00   1.3111599748497313e+00 #xyz tv2
          -1.9134171600000003e+00   4.6193976599999997e+00   2.6223199496994627e+00 -1 6 #xyz tv3 fid bid
          -7.2072345478132460e-01   3.5154799081101791e+00   1.1448290088413402e+00 #xyz tv0
          -1.1579901772370382e+00   3.8441573806756919e+00   2.1633729061677087e+00 #xyz tv1
          -1.9134171600000003e+00   4.6193976599999997e+00   1.3111599748497313e+00 #xyz tv2
          -1.4350628700000003e+00   4.7145482449999996e+00   1.3111599748497313e+00 -1 6 #xyz tv3 fid bid
          -1.9134171600000003e+00   4.6193976599999997e+00   1.3111599748497313e+00 #xyz tv0
          -1.4350628700000003e+00   4.7145482449999996e+00   1.3111599748497313e+00 #xyz tv1
          -7.9138404512032539e+00   8.5626640459220411e+00   3.6086633335493206e+00 #xyz tv2
          -1.9134171600000003e+00   4.6193976599999997e+00   0.0000000000000000e+00 -1 6 #xyz tv3 fid bid
          -7.2072345478132460e-01   3.5154799081101791e+00   1.1448290088413402e+00 #xyz tv0
          -1.9134171600000003e+00   4.6193976599999997e+00   1.3111599748497313e+00 #xyz tv1
          -1.9134171600000003e+00   4.6193976599999997e+00   0.0000000000000000e+00 #xyz tv2
          -1.4350628700000003e+00   4.7145482449999996e+00   1.3111599748497313e+00 -1 6 #xyz tv3 fid bid
          -1.9134171600000003e+00   4.6193976599999997e+00   1.3111599748497313e+00 #xyz tv0
          -1.9134171600000003e+00   4.6193976599999997e+00   0.0000000000000000e+00 #xyz tv1
          -1.4350628700000003e+00   4.7145482449999996e+00   1.3111599748497313e+00 7 -1 #xyz tv2 fid bid
          -1.9134171600000003e+00   4.6193976599999997e+00   1.3111599748497313e+00 #xyz tv0
          -1.4350628700000003e+00   4.7145482449999996e+00   1.3111599748497313e+00 #xyz tv1
          -1.9134171600000003e+00   4.6193976599999997e+00   2.6223199496994627e+00 7 -1 #xyz tv2 fid bid
          -1.4350628700000003e+00   4.7145482449999996e+00   1.3111599748497313e+00 #xyz ev0
          -1.9134171600000003e+00   4.6193976599999997e+00   1.3111599748497313e+00 -1 6 #xyz ev1 fid bid
   0   0.000000000000e+00   0.000000000000e+00   0.000000000000e+00 #flag location
END_ERR 
G3dErrFileVersion 2018P3.1
FlagFileMetaData Begin
   Mesh Size - Setup1, Refinement, Pass #7, Freq. 1.100000e+10 :Title    
   Listing of mesh elements with small segments. :ToolTip  
   hf3d :Author   
   1698519437 :TimeStamp
FlagFileMetaData End
BEGIN_ERR 
26 Small mesh segment detected on body : Cylinder1
 Small mesh segment detected on body : Cylinder1 
 Segment Statistics - Number of Segments : 1 --- Segment length(s) : 0.487726mm. The cutoff frequency for S-Matrix Only Solve is 14.9896229MHz 
2 -1  7  # nfids, fids[]
2 6  -1  # nbids, bids[]
      5 2 1 0 #ntets ntri ned npts
          -7.4855794464442482e-01   3.6375266074901682e+00   1.0537310468119196e+00 #xyz tv0
          -1.1579901772370382e+00   3.8441573806756919e+00   2.1633729061677087e+00 #xyz tv1
          -1.9134171600000003e+00   4.6193976599999997e+00   1.3111599748497313e+00 #xyz tv2
          -1.4350628700000003e+00   4.7145482449999996e+00   1.3111599748497313e+00 -1 6 #xyz tv3 fid bid
          -1.9134171600000003e+00   4.6193976599999997e+00   1.3111599748497313e+00 #xyz tv0
          -1.1579901772370382e+00   3.8441573806756919e+00   2.1633729061677087e+00 #xyz tv1
          -1.9134171600000003e+00   4.6193976599999997e+00   2.6223199496994627e+00 #xyz tv2
          -1.4350628700000003e+00   4.7145482449999996e+00   1.3111599748497313e+00 -1 6 #xyz tv3 fid bid
          -7.4855794464442482e-01   3.6375266074901682e+00   1.0537310468119196e+00 #xyz tv0
          -1.9134171600000003e+00   4.6193976599999997e+00   1.3111599748497313e+00 #xyz tv1
          -1.9134171600000003e+00   4.6193976599999997e+00   0.0000000000000000e+00 #xyz tv2
          -1.4350628700000003e+00   4.7145482449999996e+00   1.3111599748497313e+00 -1 6 #xyz tv3 fid bid
          -1.9134171600000003e+00   4.6193976599999997e+00   1.3111599748497313e+00 #xyz tv0
          -7.9138404512032539e+00   8.5626640459220411e+00   3.6086633335493206e+00 #xyz tv1
          -1.4350628700000003e+00   4.7145482449999996e+00   1.3111599748497313e+00 #xyz tv2
          -1.9134171600000003e+00   4.6193976599999997e+00   2.6223199496994627e+00 -1 6 #xyz tv3 fid bid
          -1.9134171600000003e+00   4.6193976599999997e+00   1.3111599748497313e+00 #xyz tv0
          -1.4350628700000003e+00   4.7145482449999996e+00   1.3111599748497313e+00 #xyz tv1
          -7.9138404512032539e+00   8.5626640459220411e+00   3.6086633335493206e+00 #xyz tv2
          -1.9134171600000003e+00   4.6193976599999997e+00   0.0000000000000000e+00 -1 6 #xyz tv3 fid bid
          -1.9134171600000003e+00   4.6193976599999997e+00   1.3111599748497313e+00 #xyz tv0
          -1.9134171600000003e+00   4.6193976599999997e+00   0.0000000000000000e+00 #xyz tv1
          -1.4350628700000003e+00   4.7145482449999996e+00   1.3111599748497313e+00 7 -1 #xyz tv2 fid bid
          -1.9134171600000003e+00   4.6193976599999997e+00   1.3111599748497313e+00 #xyz tv0
          -1.4350628700000003e+00   4.7145482449999996e+00   1.3111599748497313e+00 #xyz tv1
          -1.9134171600000003e+00   4.6193976599999997e+00   2.6223199496994627e+00 7 -1 #xyz tv2 fid bid
          -1.4350628700000003e+00   4.7145482449999996e+00   1.3111599748497313e+00 #xyz ev0
          -1.9134171600000003e+00   4.6193976599999997e+00   1.3111599748497313e+00 -1 6 #xyz ev1 fid bid
   0   0.000000000000e+00   0.000000000000e+00   0.000000000000e+00 #flag location
END_ERR 
G3dErrFileVersion 2018P3.1
FlagFileMetaData Begin
   Mesh Size - Setup1, Refinement, Pass #7, Freq. 1.800000e+10 :Title    
   Listing of mesh elements with small segments. :ToolTip  
   hf3d :Author   
   1698525405 :TimeStamp
FlagFileMetaData End
BEGIN_ERR 
26 Small mesh segment detected on body : Cylinder1
 Small mesh segment detected on body : Cylinder1 
 Segment Statistics - Number of Segments : 1 --- Segment length(s) : 0.487726mm. The cutoff frequency for S-Matrix Only Solve is 14.9896229MHz 
2 -1  7  # nfids, fids[]
2 6  -1  # nbids, bids[]
      5 2 1 0 #ntets ntri ned npts
          -7.4855794464442482e-01   3.6375266074901682e+00   1.0537310468119196e+00 #xyz tv0
          -1.1579901772370382e+00   3.8441573806756919e+00   2.1633729061677087e+00 #xyz tv1
          -1.9134171600000003e+00   4.6193976599999997e+00   1.3111599748497313e+00 #xyz tv2
          -1.4350628700000003e+00   4.7145482449999996e+00   1.3111599748497313e+00 -1 6 #xyz tv3 fid bid
          -1.9134171600000003e+00   4.6193976599999997e+00   1.3111599748497313e+00 #xyz tv0
          -1.1579901772370382e+00   3.8441573806756919e+00   2.1633729061677087e+00 #xyz tv1
          -1.9134171600000003e+00   4.6193976599999997e+00   2.6223199496994627e+00 #xyz tv2
          -1.4350628700000003e+00   4.7145482449999996e+00   1.3111599748497313e+00 -1 6 #xyz tv3 fid bid
          -7.4855794464442482e-01   3.6375266074901682e+00   1.0537310468119196e+00 #xyz tv0
          -1.9134171600000003e+00   4.6193976599999997e+00   1.3111599748497313e+00 #xyz tv1
          -1.9134171600000003e+00   4.6193976599999997e+00   0.0000000000000000e+00 #xyz tv2
          -1.4350628700000003e+00   4.7145482449999996e+00   1.3111599748497313e+00 -1 6 #xyz tv3 fid bid
          -1.9134171600000003e+00   4.6193976599999997e+00   1.3111599748497313e+00 #xyz tv0
          -7.9138404512032539e+00   8.5626640459220411e+00   3.6086633335493206e+00 #xyz tv1
          -1.4350628700000003e+00   4.7145482449999996e+00   1.3111599748497313e+00 #xyz tv2
          -1.9134171600000003e+00   4.6193976599999997e+00   2.6223199496994627e+00 -1 6 #xyz tv3 fid bid
          -1.9134171600000003e+00   4.6193976599999997e+00   1.3111599748497313e+00 #xyz tv0
          -1.4350628700000003e+00   4.7145482449999996e+00   1.3111599748497313e+00 #xyz tv1
          -7.9138404512032539e+00   8.5626640459220411e+00   3.6086633335493206e+00 #xyz tv2
          -1.9134171600000003e+00   4.6193976599999997e+00   0.0000000000000000e+00 -1 6 #xyz tv3 fid bid
          -1.9134171600000003e+00   4.6193976599999997e+00   1.3111599748497313e+00 #xyz tv0
          -1.9134171600000003e+00   4.6193976599999997e+00   0.0000000000000000e+00 #xyz tv1
          -1.4350628700000003e+00   4.7145482449999996e+00   1.3111599748497313e+00 7 -1 #xyz tv2 fid bid
          -1.9134171600000003e+00   4.6193976599999997e+00   1.3111599748497313e+00 #xyz tv0
          -1.4350628700000003e+00   4.7145482449999996e+00   1.3111599748497313e+00 #xyz tv1
          -1.9134171600000003e+00   4.6193976599999997e+00   2.6223199496994627e+00 7 -1 #xyz tv2 fid bid
          -1.4350628700000003e+00   4.7145482449999996e+00   1.3111599748497313e+00 #xyz ev0
          -1.9134171600000003e+00   4.6193976599999997e+00   1.3111599748497313e+00 -1 6 #xyz ev1 fid bid
   0   0.000000000000e+00   0.000000000000e+00   0.000000000000e+00 #flag location
END_ERR 
G3dErrFileVersion 2018P3.1
FlagFileMetaData Begin
   Mesh Size - Setup1, Refinement, Pass #8, Freq. 1.800000e+10 :Title    
   Listing of mesh elements with small segments. :ToolTip  
   hf3d :Author   
   1698525408 :TimeStamp
FlagFileMetaData End
BEGIN_ERR 
26 Small mesh segment detected on body : Cylinder1
 Small mesh segment detected on body : Cylinder1 
 Segment Statistics - Number of Segments : 1 --- Segment length(s) : 0.487726mm. The cutoff frequency for S-Matrix Only Solve is 14.9896229MHz 
2 -1  7  # nfids, fids[]
2 6  -1  # nbids, bids[]
      5 2 1 0 #ntets ntri ned npts
          -7.4855794464442482e-01   3.6375266074901682e+00   1.0537310468119196e+00 #xyz tv0
          -1.1579901772370382e+00   3.8441573806756919e+00   2.1633729061677087e+00 #xyz tv1
          -1.9134171600000003e+00   4.6193976599999997e+00   1.3111599748497313e+00 #xyz tv2
          -1.4350628700000003e+00   4.7145482449999996e+00   1.3111599748497313e+00 -1 6 #xyz tv3 fid bid
          -1.9134171600000003e+00   4.6193976599999997e+00   1.3111599748497313e+00 #xyz tv0
          -1.1579901772370382e+00   3.8441573806756919e+00   2.1633729061677087e+00 #xyz tv1
          -1.9134171600000003e+00   4.6193976599999997e+00   2.6223199496994627e+00 #xyz tv2
          -1.4350628700000003e+00   4.7145482449999996e+00   1.3111599748497313e+00 -1 6 #xyz tv3 fid bid
          -7.4855794464442482e-01   3.6375266074901682e+00   1.0537310468119196e+00 #xyz tv0
          -1.9134171600000003e+00   4.6193976599999997e+00   1.3111599748497313e+00 #xyz tv1
          -1.9134171600000003e+00   4.6193976599999997e+00   0.0000000000000000e+00 #xyz tv2
          -1.4350628700000003e+00   4.7145482449999996e+00   1.3111599748497313e+00 -1 6 #xyz tv3 fid bid
          -1.9134171600000003e+00   4.6193976599999997e+00   1.3111599748497313e+00 #xyz tv0
          -7.9138404512032539e+00   8.5626640459220411e+00   3.6086633335493206e+00 #xyz tv1
          -1.4350628700000003e+00   4.7145482449999996e+00   1.3111599748497313e+00 #xyz tv2
          -1.9134171600000003e+00   4.6193976599999997e+00   2.6223199496994627e+00 -1 6 #xyz tv3 fid bid
          -1.9134171600000003e+00   4.6193976599999997e+00   1.3111599748497313e+00 #xyz tv0
          -1.4350628700000003e+00   4.7145482449999996e+00   1.3111599748497313e+00 #xyz tv1
          -7.9138404512032539e+00   8.5626640459220411e+00   3.6086633335493206e+00 #xyz tv2
          -1.9134171600000003e+00   4.6193976599999997e+00   0.0000000000000000e+00 -1 6 #xyz tv3 fid bid
          -1.9134171600000003e+00   4.6193976599999997e+00   1.3111599748497313e+00 #xyz tv0
          -1.9134171600000003e+00   4.6193976599999997e+00   0.0000000000000000e+00 #xyz tv1
          -1.4350628700000003e+00   4.7145482449999996e+00   1.3111599748497313e+00 7 -1 #xyz tv2 fid bid
          -1.9134171600000003e+00   4.6193976599999997e+00   1.3111599748497313e+00 #xyz tv0
          -1.4350628700000003e+00   4.7145482449999996e+00   1.3111599748497313e+00 #xyz tv1
          -1.9134171600000003e+00   4.6193976599999997e+00   2.6223199496994627e+00 7 -1 #xyz tv2 fid bid
          -1.4350628700000003e+00   4.7145482449999996e+00   1.3111599748497313e+00 #xyz ev0
          -1.9134171600000003e+00   4.6193976599999997e+00   1.3111599748497313e+00 -1 6 #xyz ev1 fid bid
   0   0.000000000000e+00   0.000000000000e+00   0.000000000000e+00 #flag location
END_ERR 
G3dErrFileVersion 2018P3.1
FlagFileMetaData Begin
   Mesh Size - Setup1, Refinement, Pass #8, Freq. 2.350000e+10 :Title    
   Listing of mesh elements with small segments. :ToolTip  
   hf3d :Author   
   1698525637 :TimeStamp
FlagFileMetaData End
BEGIN_ERR 
26 Small mesh segment detected on body : Cylinder1
 Small mesh segment detected on body : Cylinder1 
 Segment Statistics - Number of Segments : 1 --- Segment length(s) : 0.487726mm. The cutoff frequency for S-Matrix Only Solve is 14.9896229MHz 
2 -1  7  # nfids, fids[]
2 6  -1  # nbids, bids[]
      5 2 1 0 #ntets ntri ned npts
          -7.4855794464442482e-01   3.6375266074901682e+00   1.0537310468119196e+00 #xyz tv0
          -1.1579901772370382e+00   3.8441573806756919e+00   2.1633729061677087e+00 #xyz tv1
          -1.9134171600000003e+00   4.6193976599999997e+00   1.3111599748497313e+00 #xyz tv2
          -1.4350628700000003e+00   4.7145482449999996e+00   1.3111599748497313e+00 -1 6 #xyz tv3 fid bid
          -1.9134171600000003e+00   4.6193976599999997e+00   1.3111599748497313e+00 #xyz tv0
          -1.1579901772370382e+00   3.8441573806756919e+00   2.1633729061677087e+00 #xyz tv1
          -1.9134171600000003e+00   4.6193976599999997e+00   2.6223199496994627e+00 #xyz tv2
          -1.4350628700000003e+00   4.7145482449999996e+00   1.3111599748497313e+00 -1 6 #xyz tv3 fid bid
          -7.4855794464442482e-01   3.6375266074901682e+00   1.0537310468119196e+00 #xyz tv0
          -1.9134171600000003e+00   4.6193976599999997e+00   1.3111599748497313e+00 #xyz tv1
          -1.9134171600000003e+00   4.6193976599999997e+00   0.0000000000000000e+00 #xyz tv2
          -1.4350628700000003e+00   4.7145482449999996e+00   1.3111599748497313e+00 -1 6 #xyz tv3 fid bid
          -1.9134171600000003e+00   4.6193976599999997e+00   1.3111599748497313e+00 #xyz tv0
          -7.9138404512032539e+00   8.5626640459220411e+00   3.6086633335493206e+00 #xyz tv1
          -1.4350628700000003e+00   4.7145482449999996e+00   1.3111599748497313e+00 #xyz tv2
          -1.9134171600000003e+00   4.6193976599999997e+00   2.6223199496994627e+00 -1 6 #xyz tv3 fid bid
          -1.9134171600000003e+00   4.6193976599999997e+00   1.3111599748497313e+00 #xyz tv0
          -1.4350628700000003e+00   4.7145482449999996e+00   1.3111599748497313e+00 #xyz tv1
          -7.9138404512032539e+00   8.5626640459220411e+00   3.6086633335493206e+00 #xyz tv2
          -1.9134171600000003e+00   4.6193976599999997e+00   0.0000000000000000e+00 -1 6 #xyz tv3 fid bid
          -1.9134171600000003e+00   4.6193976599999997e+00   1.3111599748497313e+00 #xyz tv0
          -1.9134171600000003e+00   4.6193976599999997e+00   0.0000000000000000e+00 #xyz tv1
          -1.4350628700000003e+00   4.7145482449999996e+00   1.3111599748497313e+00 7 -1 #xyz tv2 fid bid
          -1.9134171600000003e+00   4.6193976599999997e+00   1.3111599748497313e+00 #xyz tv0
          -1.4350628700000003e+00   4.7145482449999996e+00   1.3111599748497313e+00 #xyz tv1
          -1.9134171600000003e+00   4.6193976599999997e+00   2.6223199496994627e+00 7 -1 #xyz tv2 fid bid
          -1.4350628700000003e+00   4.7145482449999996e+00   1.3111599748497313e+00 #xyz ev0
          -1.9134171600000003e+00   4.6193976599999997e+00   1.3111599748497313e+00 -1 6 #xyz ev1 fid bid
   0   0.000000000000e+00   0.000000000000e+00   0.000000000000e+00 #flag location
END_ERR 
G3dErrFileVersion 2018P3.1
FlagFileMetaData Begin
   Mesh Size - Setup1, Refinement, Pass #1, Freq. 2.350000e+10 :Title    
   Listing of mesh elements with small segments. :ToolTip  
   hf3d :Author   
   1698526135 :TimeStamp
FlagFileMetaData End
BEGIN_ERR 
26 Small mesh segment detected on body : Cylinder1
 Small mesh segment detected on body : Cylinder1 
 Segment Statistics - Number of Segments : 1 --- Segment length(s) : 0.272904mm. The cutoff frequency for S-Matrix Only Solve is 14.9896229MHz 
2 -1  9  # nfids, fids[]
2 6  -1  # nbids, bids[]
      5 2 1 0 #ntets ntri ned npts
          -1.9698511676800399e+00   8.1593906962448604e-01   2.0000000000000000e+01 #xyz tv0
          -1.5943494204898394e+00   7.1867601810289661e-01   1.7107957304945224e+01 #xyz tv1
          -2.9264572384819232e+00  -4.3561965384238410e-01   1.7662262282708429e+01 #xyz tv2
          -1.9064520299350565e+00   5.5050114135866779e-01   2.0000000000000000e+01 -1 6 #xyz tv3 fid bid
          -1.9698511676800399e+00   8.1593906962448604e-01   2.0000000000000000e+01 #xyz tv0
          -2.9264572384819232e+00  -4.3561965384238410e-01   1.7662262282708429e+01 #xyz tv1
          -2.8929777135950356e+00   2.4248790464249104e-03   2.0000000000000000e+01 #xyz tv2
          -1.9064520299350565e+00   5.5050114135866779e-01   2.0000000000000000e+01 -1 6 #xyz tv3 fid bid
          -1.5943494204898394e+00   7.1867601810289661e-01   1.7107957304945224e+01 #xyz tv0
          -1.9698511676800399e+00   8.1593906962448604e-01   2.0000000000000000e+01 #xyz tv1
          -6.7329492536008240e-01   2.7888788924897123e-01   2.0000000000000000e+01 #xyz tv2
          -1.9064520299350565e+00   5.5050114135866779e-01   2.0000000000000000e+01 -1 6 #xyz tv3 fid bid
          -1.9698511676800399e+00   8.1593906962448604e-01   2.0000000000000000e+01 #xyz tv0
          -2.8929777135950356e+00   2.4248790464249104e-03   2.0000000000000000e+01 #xyz tv1
          -2.8370914386877160e+00   4.3124426299234164e-01   2.1589471935202752e+01 #xyz tv2
          -1.9064520299350565e+00   5.5050114135866779e-01   2.0000000000000000e+01 -1 6 #xyz tv3 fid bid
          -2.8370914386877160e+00   4.3124426299234164e-01   2.1589471935202752e+01 #xyz tv0
          -6.7329492536008240e-01   2.7888788924897123e-01   2.0000000000000000e+01 #xyz tv1
          -1.9698511676800399e+00   8.1593906962448604e-01   2.0000000000000000e+01 #xyz tv2
          -1.9064520299350565e+00   5.5050114135866779e-01   2.0000000000000000e+01 -1 6 #xyz tv3 fid bid
          -1.9698511676800399e+00   8.1593906962448604e-01   2.0000000000000000e+01 #xyz tv0
          -6.7329492536008240e-01   2.7888788924897123e-01   2.0000000000000000e+01 #xyz tv1
          -1.9064520299350565e+00   5.5050114135866779e-01   2.0000000000000000e+01 9 -1 #xyz tv2 fid bid
          -2.8929777135950356e+00   2.4248790464249104e-03   2.0000000000000000e+01 #xyz tv0
          -1.9698511676800399e+00   8.1593906962448604e-01   2.0000000000000000e+01 #xyz tv1
          -1.9064520299350565e+00   5.5050114135866779e-01   2.0000000000000000e+01 9 -1 #xyz tv2 fid bid
          -1.9064520299350565e+00   5.5050114135866779e-01   2.0000000000000000e+01 #xyz ev0
          -1.9698511676800399e+00   8.1593906962448604e-01   2.0000000000000000e+01 -1 6 #xyz ev1 fid bid
   0   0.000000000000e+00   0.000000000000e+00   0.000000000000e+00 #flag location
END_ERR 
G3dErrFileVersion 2018P3.1
FlagFileMetaData Begin
   Mesh Size - Setup1, Refinement, Pass #2, Freq. 2.350000e+10 :Title    
   Listing of mesh elements with small segments. :ToolTip  
   hf3d :Author   
   1698526138 :TimeStamp
FlagFileMetaData End
BEGIN_ERR 
26 Small mesh segment detected on body : Cylinder1
 Small mesh segment detected on body : Cylinder1 
 Segment Statistics - Number of Segments : 1 --- Segment length(s) : 0.487726mm. The cutoff frequency for S-Matrix Only Solve is 14.9896229MHz 
3 -1  7  9  # nfids, fids[]
2 6  -1  # nbids, bids[]
      6 2 1 0 #ntets ntri ned npts
           4.9048494150000002e+00  -4.7835429000000007e-01   2.0000000000000000e+01 #xyz tv0
           2.9553952416811424e+00  -9.3973455389622296e-01   1.8472117281839896e+01 #xyz tv1
           3.5269963450533055e+00  -5.5946298811530548e-01   2.0000000000000000e+01 #xyz tv2
           4.8096988300000003e+00  -9.5670858000000014e-01   2.0000000000000000e+01 -1 6 #xyz tv3 fid bid
           4.9048494150000002e+00  -4.7835429000000007e-01   2.0000000000000000e+01 #xyz tv0
           3.5269963450533055e+00  -5.5946298811530548e-01   2.0000000000000000e+01 #xyz tv1
           1.7001372392164318e+00  -2.3088530824276292e+00   2.4507525503698332e+01 #xyz tv2
           4.8096988300000003e+00  -9.5670858000000014e-01   2.0000000000000000e+01 -1 6 #xyz tv3 fid bid
           4.9048494150000002e+00  -4.7835429000000007e-01   2.0000000000000000e+01 #xyz tv0
           4.6193976599999997e+00  -1.9134171600000003e+00   1.7812500000000007e+01 #xyz tv1
           2.9553952416811424e+00  -9.3973455389622296e-01   1.8472117281839896e+01 #xyz tv2
           4.8096988300000003e+00  -9.5670858000000014e-01   2.0000000000000000e+01 -1 6 #xyz tv3 fid bid
           4.9048494150000002e+00  -4.7835429000000007e-01   2.0000000000000000e+01 #xyz tv0
           1.7001372392164318e+00  -2.3088530824276292e+00   2.4507525503698332e+01 #xyz tv1
           9.0505717565689956e+00   1.1612873785671278e+00   2.2414514414392301e+01 #xyz tv2
           4.8096988300000003e+00  -9.5670858000000014e-01   2.0000000000000000e+01 -1 6 #xyz tv3 fid bid
           4.9048494150000002e+00  -4.7835429000000007e-01   2.0000000000000000e+01 #xyz tv0
