G3dErrFileVersion 2018P3.1
FlagFileMetaData Begin
   Mesh Size - Setup1, Refinement, Pass #1, Freq. 3.600000e+09 :Title    
   Listing of mesh elements with small segments. :ToolTip  
   hf3d :Author   
   1701312218 :TimeStamp
FlagFileMetaData End
BEGIN_ERR 
26 Small mesh segment detected on body : Airbox
 Small mesh segment detected on body : Airbox 
 Segment Statistics - Number of Segments : 1 --- Segment length(s) : 26.870058mm. The cutoff frequency for S-Matrix Only Solve is 7.88927521052632MHz 
2 -1  36  # nfids, fids[]
2 34  -1  # nbids, bids[]
      4 2 1 0 #ntets ntri ned npts
           1.9000000000000000e+01   3.8000000000000000e+01  -2.5400000000000000e-01 #xyz tv0
           0.0000000000000000e+00   3.8000000000000000e+01  -2.5400000000000000e-01 #xyz tv1
           9.5000000000000000e+00   2.8500000000000000e+01   0.0000000000000000e+00 #xyz tv2
           1.9000000000000000e+01   1.9000000000000000e+01  -2.5400000000000000e-01 -1 34 #xyz tv3 fid bid
           0.0000000000000000e+00   1.9000000000000000e+01  -2.5400000000000000e-01 #xyz tv0
           9.5000000000000000e+00   2.8500000000000000e+01   0.0000000000000000e+00 #xyz tv1
           0.0000000000000000e+00   3.8000000000000000e+01  -2.5400000000000000e-01 #xyz tv2
           1.9000000000000000e+01   1.9000000000000000e+01  -2.5400000000000000e-01 -1 34 #xyz tv3 fid bid
           1.9000000000000000e+01   3.8000000000000000e+01  -2.5400000000000000e-01 #xyz tv0
           1.9000000000000000e+01   1.9000000000000000e+01  -2.5400000000000000e-01 #xyz tv1
          -1.9000000000000021e+00   3.9900000000000006e+01  -2.2225000000000001e+00 #xyz tv2
           0.0000000000000000e+00   3.8000000000000000e+01  -2.5400000000000000e-01 -1 34 #xyz tv3 fid bid
           1.9000000000000000e+01   1.9000000000000000e+01  -2.5400000000000000e-01 #xyz tv0
           0.0000000000000000e+00   1.9000000000000000e+01  -2.5400000000000000e-01 #xyz tv1
          -1.9000000000000021e+00   3.9900000000000006e+01  -2.2225000000000001e+00 #xyz tv2
           0.0000000000000000e+00   3.8000000000000000e+01  -2.5400000000000000e-01 -1 34 #xyz tv3 fid bid
           0.0000000000000000e+00   1.9000000000000000e+01  -2.5400000000000000e-01 #xyz tv0
           0.0000000000000000e+00   3.8000000000000000e+01  -2.5400000000000000e-01 #xyz tv1
           1.9000000000000000e+01   1.9000000000000000e+01  -2.5400000000000000e-01 36 -1 #xyz tv2 fid bid
           1.9000000000000000e+01   3.8000000000000000e+01  -2.5400000000000000e-01 #xyz tv0
           1.9000000000000000e+01   1.9000000000000000e+01  -2.5400000000000000e-01 #xyz tv1
           0.0000000000000000e+00   3.8000000000000000e+01  -2.5400000000000000e-01 36 -1 #xyz tv2 fid bid
           0.0000000000000000e+00   3.8000000000000000e+01  -2.5400000000000000e-01 #xyz ev0
           1.9000000000000000e+01   1.9000000000000000e+01  -2.5400000000000000e-01 -1 34 #xyz ev1 fid bid
   0   0.000000000000e+00   0.000000000000e+00   0.000000000000e+00 #flag location
END_ERR 
G3dErrFileVersion 2018P3.1
FlagFileMetaData Begin
   Mesh Size - Setup1, Refinement, Pass #2, Freq. 3.600000e+09 :Title    
   Listing of mesh elements with small segments. :ToolTip  
   hf3d :Author   
   1701312221 :TimeStamp
FlagFileMetaData End
BEGIN_ERR 
26 Small mesh segment detected on body : Airbox
 Small mesh segment detected on body : Airbox 
 Segment Statistics - Number of Segments : 1 --- Segment length(s) : 25.812190mm. The cutoff frequency for S-Matrix Only Solve is 7.88927521052632MHz 
2 -1  36  # nfids, fids[]
2 34  -1  # nbids, bids[]
      4 2 1 0 #ntets ntri ned npts
           1.9000000000000000e+01   3.8000000000000000e+01  -2.5400000000000000e-01 #xyz tv0
           0.0000000000000000e+00   3.8000000000000000e+01  -2.5400000000000000e-01 #xyz tv1
           9.5000000000000000e+00   2.8500000000000000e+01   0.0000000000000000e+00 #xyz tv2
           1.9548962367565885e+01   2.1144520121082625e+01  -2.5400000000000000e-01 -1 34 #xyz tv3 fid bid
           0.0000000000000000e+00   1.9000000000000000e+01  -2.5400000000000000e-01 #xyz tv0
           9.5000000000000000e+00   2.8500000000000000e+01   0.0000000000000000e+00 #xyz tv1
           0.0000000000000000e+00   3.8000000000000000e+01  -2.5400000000000000e-01 #xyz tv2
           1.9548962367565885e+01   2.1144520121082625e+01  -2.5400000000000000e-01 -1 34 #xyz tv3 fid bid
           1.9000000000000000e+01   3.8000000000000000e+01  -2.5400000000000000e-01 #xyz tv0
           1.9548962367565885e+01   2.1144520121082625e+01  -2.5400000000000000e-01 #xyz tv1
          -1.9000000000000021e+00   3.9900000000000006e+01  -2.2225000000000001e+00 #xyz tv2
           0.0000000000000000e+00   3.8000000000000000e+01  -2.5400000000000000e-01 -1 34 #xyz tv3 fid bid
           1.9548962367565885e+01   2.1144520121082625e+01  -2.5400000000000000e-01 #xyz tv0
           0.0000000000000000e+00   1.9000000000000000e+01  -2.5400000000000000e-01 #xyz tv1
          -1.9000000000000021e+00   3.9900000000000006e+01  -2.2225000000000001e+00 #xyz tv2
           0.0000000000000000e+00   3.8000000000000000e+01  -2.5400000000000000e-01 -1 34 #xyz tv3 fid bid
           0.0000000000000000e+00   1.9000000000000000e+01  -2.5400000000000000e-01 #xyz tv0
           0.0000000000000000e+00   3.8000000000000000e+01  -2.5400000000000000e-01 #xyz tv1
           1.9548962367565885e+01   2.1144520121082625e+01  -2.5400000000000000e-01 36 -1 #xyz tv2 fid bid
           1.9000000000000000e+01   3.8000000000000000e+01  -2.5400000000000000e-01 #xyz tv0
           1.9548962367565885e+01   2.1144520121082625e+01  -2.5400000000000000e-01 #xyz tv1
           0.0000000000000000e+00   3.8000000000000000e+01  -2.5400000000000000e-01 36 -1 #xyz tv2 fid bid
           0.0000000000000000e+00   3.8000000000000000e+01  -2.5400000000000000e-01 #xyz ev0
           1.9548962367565885e+01   2.1144520121082625e+01  -2.5400000000000000e-01 -1 34 #xyz ev1 fid bid
   0   0.000000000000e+00   0.000000000000e+00   0.000000000000e+00 #flag location
END_ERR 
G3dErrFileVersion 2018P3.1
FlagFileMetaData Begin
   Mesh Size - Setup1, Refinement, Pass #3, Freq. 3.600000e+09 :Title    
   Listing of mesh elements with small segments. :ToolTip  
   hf3d :Author   
   1701312223 :TimeStamp
FlagFileMetaData End
BEGIN_ERR 
26 Small mesh segment detected on body : Airbox
 Small mesh segment detected on body : Airbox 
 Segment Statistics - Number of Segments : 1 --- Segment length(s) : 7.689506mm. The cutoff frequency for S-Matrix Only Solve is 7.88927521052632MHz 
2 -1  36  # nfids, fids[]
2 34  -1  # nbids, bids[]
      5 2 1 0 #ntets ntri ned npts
           3.8000000000000000e+01   3.8000000000000000e+01   0.0000000000000000e+00 #xyz tv0
           2.9550282396719055e+01   3.3285520664293372e+01  -2.5400000000000000e-01 #xyz tv1
           3.5625000000000014e+01   3.8000000000000000e+01  -2.5400000000000000e-01 #xyz tv2
           3.3250000000000000e+01   3.8000000000000000e+01   0.0000000000000000e+00 -1 34 #xyz tv3 fid bid
           3.8000000000000000e+01   3.8000000000000000e+01   0.0000000000000000e+00 #xyz tv0
           3.5625000000000014e+01   3.8000000000000000e+01  -2.5400000000000000e-01 #xyz tv1
           2.9550282396719055e+01   3.3285520664293372e+01  -2.5400000000000000e-01 #xyz tv2
           3.8000000000000000e+01   3.8000000000000000e+01  -2.5400000000000000e-01 -1 34 #xyz tv3 fid bid
           3.5625000000000014e+01   3.8000000000000000e+01  -2.5400000000000000e-01 #xyz tv0
           3.3250000000000000e+01   3.8000000000000000e+01   0.0000000000000000e+00 #xyz tv1
           2.9550282396719055e+01   3.3285520664293372e+01  -2.5400000000000000e-01 #xyz tv2
           3.3250000000000000e+01   3.8000000000000000e+01  -2.5400000000000000e-01 -1 34 #xyz tv3 fid bid
           3.5625000000000014e+01   3.8000000000000000e+01  -2.5400000000000000e-01 #xyz tv0
           3.9900000000000006e+01   3.9900000000000006e+01  -2.2225000000000001e+00 #xyz tv1
           2.9550282396719055e+01   3.3285520664293372e+01  -2.5400000000000000e-01 #xyz tv2
           3.8000000000000000e+01   3.8000000000000000e+01  -2.5400000000000000e-01 -1 34 #xyz tv3 fid bid
           3.5625000000000014e+01   3.8000000000000000e+01  -2.5400000000000000e-01 #xyz tv0
           2.9550282396719055e+01   3.3285520664293372e+01  -2.5400000000000000e-01 #xyz tv1
           3.9900000000000006e+01   3.9900000000000006e+01  -2.2225000000000001e+00 #xyz tv2
           3.3250000000000000e+01   3.8000000000000000e+01  -2.5400000000000000e-01 -1 34 #xyz tv3 fid bid
           3.5625000000000014e+01   3.8000000000000000e+01  -2.5400000000000000e-01 #xyz tv0
           2.9550282396719055e+01   3.3285520664293372e+01  -2.5400000000000000e-01 #xyz tv1
           3.3250000000000000e+01   3.8000000000000000e+01  -2.5400000000000000e-01 36 -1 #xyz tv2 fid bid
           3.5625000000000014e+01   3.8000000000000000e+01  -2.5400000000000000e-01 #xyz tv0
           3.8000000000000000e+01   3.8000000000000000e+01  -2.5400000000000000e-01 #xyz tv1
           2.9550282396719055e+01   3.3285520664293372e+01  -2.5400000000000000e-01 36 -1 #xyz tv2 fid bid
           3.5625000000000014e+01   3.8000000000000000e+01  -2.5400000000000000e-01 #xyz ev0
           2.9550282396719055e+01   3.3285520664293372e+01  -2.5400000000000000e-01 -1 34 #xyz ev1 fid bid
   0   0.000000000000e+00   0.000000000000e+00   0.000000000000e+00 #flag location
END_ERR 
G3dErrFileVersion 2018P3.1
FlagFileMetaData Begin
   Mesh Size - Setup1, Refinement, Pass #4, Freq. 3.600000e+09 :Title    
   Listing of mesh elements with small segments. :ToolTip  
   hf3d :Author   
   1701312226 :TimeStamp
FlagFileMetaData End
BEGIN_ERR 
26 Small mesh segment detected on body : Airbox
 Small mesh segment detected on body : Airbox 
 Segment Statistics - Number of Segments : 1 --- Segment length(s) : 7.689506mm. The cutoff frequency for S-Matrix Only Solve is 7.88927521052632MHz 
2 -1  36  # nfids, fids[]
2 34  -1  # nbids, bids[]
      5 2 1 0 #ntets ntri ned npts
           3.8000000000000000e+01   3.8000000000000000e+01   0.0000000000000000e+00 #xyz tv0
           2.9550282396719055e+01   3.3285520664293379e+01  -2.5400000000000000e-01 #xyz tv1
           3.5625000000000014e+01   3.8000000000000000e+01  -2.5400000000000000e-01 #xyz tv2
           3.3250000000000000e+01   3.8000000000000000e+01   0.0000000000000000e+00 -1 34 #xyz tv3 fid bid
           3.8000000000000000e+01   3.8000000000000000e+01   0.0000000000000000e+00 #xyz tv0
           3.5625000000000014e+01   3.8000000000000000e+01  -2.5400000000000000e-01 #xyz tv1
           2.9550282396719055e+01   3.3285520664293379e+01  -2.5400000000000000e-01 #xyz tv2
           3.8000000000000000e+01   3.8000000000000000e+01  -2.5400000000000000e-01 -1 34 #xyz tv3 fid bid
           3.5625000000000014e+01   3.8000000000000000e+01  -2.5400000000000000e-01 #xyz tv0
           3.3250000000000000e+01   3.8000000000000000e+01   0.0000000000000000e+00 #xyz tv1
           2.9550282396719055e+01   3.3285520664293379e+01  -2.5400000000000000e-01 #xyz tv2
           3.3250000000000000e+01   3.8000000000000000e+01  -2.5400000000000000e-01 -1 34 #xyz tv3 fid bid
           3.5625000000000014e+01   3.8000000000000000e+01  -2.5400000000000000e-01 #xyz tv0
           3.9900000000000006e+01   3.9900000000000006e+01  -2.2225000000000001e+00 #xyz tv1
           2.9550282396719055e+01   3.3285520664293379e+01  -2.5400000000000000e-01 #xyz tv2
           3.8000000000000000e+01   3.8000000000000000e+01  -2.5400000000000000e-01 -1 34 #xyz tv3 fid bid
           3.5625000000000014e+01   3.8000000000000000e+01  -2.5400000000000000e-01 #xyz tv0
           2.9550282396719055e+01   3.3285520664293379e+01  -2.5400000000000000e-01 #xyz tv1
           3.9900000000000006e+01   3.9900000000000006e+01  -2.2225000000000001e+00 #xyz tv2
           3.3250000000000000e+01   3.8000000000000000e+01  -2.5400000000000000e-01 -1 34 #xyz tv3 fid bid
           3.5625000000000014e+01   3.8000000000000000e+01  -2.5400000000000000e-01 #xyz tv0
           2.9550282396719055e+01   3.3285520664293379e+01  -2.5400000000000000e-01 #xyz tv1
           3.3250000000000000e+01   3.8000000000000000e+01  -2.5400000000000000e-01 36 -1 #xyz tv2 fid bid
           3.5625000000000014e+01   3.8000000000000000e+01  -2.5400000000000000e-01 #xyz tv0
           3.8000000000000000e+01   3.8000000000000000e+01  -2.5400000000000000e-01 #xyz tv1
           2.9550282396719055e+01   3.3285520664293379e+01  -2.5400000000000000e-01 36 -1 #xyz tv2 fid bid
           3.5625000000000014e+01   3.8000000000000000e+01  -2.5400000000000000e-01 #xyz ev0
           2.9550282396719055e+01   3.3285520664293379e+01  -2.5400000000000000e-01 -1 34 #xyz ev1 fid bid
   0   0.000000000000e+00   0.000000000000e+00   0.000000000000e+00 #flag location
END_ERR 
G3dErrFileVersion 2018P3.1
FlagFileMetaData Begin
   Mesh Size - Setup1, Refinement, Pass #5, Freq. 3.600000e+09 :Title    
   Listing of mesh elements with small segments. :ToolTip  
   hf3d :Author   
   1701312228 :TimeStamp
FlagFileMetaData End
BEGIN_ERR 
26 Small mesh segment detected on body : Airbox
 Small mesh segment detected on body : Airbox 
 Segment Statistics - Number of Segments : 1 --- Segment length(s) : 13.503811mm. The cutoff frequency for S-Matrix Only Solve is 7.88927521052632MHz 
2 -1  36  # nfids, fids[]
2 34  -1  # nbids, bids[]
      4 2 1 0 #ntets ntri ned npts
           1.5115346588194370e+01   3.8000000000000000e+01  -2.5400000000000000e-01 #xyz tv0
           1.6817274998457542e+01   2.8736411202898228e+01   0.0000000000000000e+00 #xyz tv1
           1.8701561040473116e+01   2.4981091129765122e+01  -2.5400000000000000e-01 #xyz tv2
           9.1130172805860639e+00   3.8000000000000000e+01  -2.5400000000000000e-01 -1 34 #xyz tv3 fid bid
           1.8701561040473116e+01   2.4981091129765122e+01  -2.5400000000000000e-01 #xyz tv0
          -1.9000000000000021e+00   3.9900000000000006e+01  -2.2225000000000001e+00 #xyz tv1
           1.5115346588194370e+01   3.8000000000000000e+01  -2.5400000000000000e-01 #xyz tv2
           9.1130172805860639e+00   3.8000000000000000e+01  -2.5400000000000000e-01 -1 34 #xyz tv3 fid bid
           1.8892277584876865e+01   3.8000000000000000e+01  -2.5400000000000000e-01 #xyz tv0
           1.6817274998457542e+01   2.8736411202898228e+01   0.0000000000000000e+00 #xyz tv1
           1.8701561040473116e+01   2.4981091129765122e+01  -2.5400000000000000e-01 #xyz tv2
           1.5115346588194370e+01   3.8000000000000000e+01  -2.5400000000000000e-01 -1 34 #xyz tv3 fid bid
           1.8892277584876865e+01   3.8000000000000000e+01  -2.5400000000000000e-01 #xyz tv0
           1.8701561040473116e+01   2.4981091129765122e+01  -2.5400000000000000e-01 #xyz tv1
          -1.9000000000000021e+00   3.9900000000000006e+01  -2.2225000000000001e+00 #xyz tv2
           1.5115346588194370e+01   3.8000000000000000e+01  -2.5400000000000000e-01 -1 34 #xyz tv3 fid bid
           1.5115346588194370e+01   3.8000000000000000e+01  -2.5400000000000000e-01 #xyz tv0
           1.8701561040473116e+01   2.4981091129765122e+01  -2.5400000000000000e-01 #xyz tv1
           9.1130172805860639e+00   3.8000000000000000e+01  -2.5400000000000000e-01 36 -1 #xyz tv2 fid bid
           1.8892277584876865e+01   3.8000000000000000e+01  -2.5400000000000000e-01 #xyz tv0
           1.8701561040473116e+01   2.4981091129765122e+01  -2.5400000000000000e-01 #xyz tv1
           1.5115346588194370e+01   3.8000000000000000e+01  -2.5400000000000000e-01 36 -1 #xyz tv2 fid bid
           1.5115346588194370e+01   3.8000000000000000e+01  -2.5400000000000000e-01 #xyz ev0
           1.8701561040473116e+01   2.4981091129765122e+01  -2.5400000000000000e-01 -1 34 #xyz ev1 fid bid
   0   0.000000000000e+00   0.000000000000e+00   0.000000000000e+00 #flag location
END_ERR 
G3dErrFileVersion 2018P3.1
FlagFileMetaData Begin
   Mesh Size - Setup1, Refinement, Pass #6, Freq. 3.600000e+09 :Title    
   Listing of mesh elements with small segments. :ToolTip  
   hf3d :Author   
   1701312230 :TimeStamp
FlagFileMetaData End
BEGIN_ERR 
26 Small mesh segment detected on body : Airbox
 Small mesh segment detected on body : Airbox 
 Segment Statistics - Number of Segments : 1 --- Segment length(s) : 4.438867mm. The cutoff frequency for S-Matrix Only Solve is 7.88927521052632MHz 
2 -1  36  # nfids, fids[]
2 34  -1  # nbids, bids[]
      5 2 1 0 #ntets ntri ned npts
           2.8668509351280420e+01   3.8000000000000000e+01  -2.5400000000000000e-01 #xyz tv0
           2.8957274038007345e+01   3.3949725591258961e+01  -2.5400000000000000e-01 #xyz tv1
           2.9119584677408930e+01   3.4199291193207678e+01   0.0000000000000000e+00 #xyz tv2
           3.0773539042697394e+01   3.8000000000000000e+01  -2.5400000000000000e-01 -1 34 #xyz tv3 fid bid
           2.8957274038007345e+01   3.3949725591258961e+01  -2.5400000000000000e-01 #xyz tv0
           2.8668509351280420e+01   3.8000000000000000e+01  -2.5400000000000000e-01 #xyz tv1
           3.9900000000000006e+01   3.9900000000000006e+01  -2.2225000000000001e+00 #xyz tv2
           3.0773539042697394e+01   3.8000000000000000e+01  -2.5400000000000000e-01 -1 34 #xyz tv3 fid bid
           2.8957274038007345e+01   3.3949725591258961e+01  -2.5400000000000000e-01 #xyz tv0
           3.3250000000000000e+01   3.8000000000000000e+01   0.0000000000000000e+00 #xyz tv1
           2.9119584677408930e+01   3.4199291193207678e+01   0.0000000000000000e+00 #xyz tv2
           3.0773539042697394e+01   3.8000000000000000e+01  -2.5400000000000000e-01 -1 34 #xyz tv3 fid bid
           3.3250000000000000e+01   3.8000000000000000e+01  -2.5400000000000000e-01 #xyz tv0
           3.3250000000000000e+01   3.8000000000000000e+01   0.0000000000000000e+00 #xyz tv1
           2.8957274038007345e+01   3.3949725591258961e+01  -2.5400000000000000e-01 #xyz tv2
           3.0773539042697394e+01   3.8000000000000000e+01  -2.5400000000000000e-01 -1 34 #xyz tv3 fid bid
           3.3250000000000000e+01   3.8000000000000000e+01  -2.5400000000000000e-01 #xyz tv0
           2.8957274038007345e+01   3.3949725591258961e+01  -2.5400000000000000e-01 #xyz tv1
           3.9900000000000006e+01   3.9900000000000006e+01  -2.2225000000000001e+00 #xyz tv2
           3.0773539042697394e+01   3.8000000000000000e+01  -2.5400000000000000e-01 -1 34 #xyz tv3 fid bid
           2.8957274038007345e+01   3.3949725591258961e+01  -2.5400000000000000e-01 #xyz tv0
           2.8668509351280420e+01   3.8000000000000000e+01  -2.5400000000000000e-01 #xyz tv1
           3.0773539042697394e+01   3.8000000000000000e+01  -2.5400000000000000e-01 36 -1 #xyz tv2 fid bid
           3.3250000000000000e+01   3.8000000000000000e+01  -2.5400000000000000e-01 #xyz tv0
           2.8957274038007345e+01   3.3949725591258961e+01  -2.5400000000000000e-01 #xyz tv1
           3.0773539042697394e+01   3.8000000000000000e+01  -2.5400000000000000e-01 36 -1 #xyz tv2 fid bid
           3.0773539042697394e+01   3.8000000000000000e+01  -2.5400000000000000e-01 #xyz ev0
           2.8957274038007345e+01   3.3949725591258961e+01  -2.5400000000000000e-01 -1 34 #xyz ev1 fid bid
   0   0.000000000000e+00   0.000000000000e+00   0.000000000000e+00 #flag location
END_ERR 
G3dErrFileVersion 2018P3.1
FlagFileMetaData Begin
   Mesh Size - Setup1, Refinement, Pass #7, Freq. 3.600000e+09 :Title    
   Listing of mesh elements with small segments. :ToolTip  
   hf3d :Author   
   1701312233 :TimeStamp
FlagFileMetaData End
BEGIN_ERR 
26 Small mesh segment detected on body : Airbox
 Small mesh segment detected on body : Airbox 
 Segment Statistics - Number of Segments : 1 --- Segment length(s) : 4.403769mm. The cutoff frequency for S-Matrix Only Solve is 7.88927521052632MHz 
2 -1  36  # nfids, fids[]
2 34  -1  # nbids, bids[]
      5 2 1 0 #ntets ntri ned npts
           2.8944406358088514e+01   3.8000000000000000e+01  -2.5400000000000000e-01 #xyz tv0
           2.8696772200704928e+01   3.4216167849669432e+01  -2.5400000000000000e-01 #xyz tv1
           2.9119584677408930e+01   3.4199291193207678e+01   0.0000000000000000e+00 #xyz tv2
           3.0949725568434509e+01   3.8000000000000000e+01  -2.5400000000000000e-01 -1 34 #xyz tv3 fid bid
           2.8696772200704928e+01   3.4216167849669432e+01  -2.5400000000000000e-01 #xyz tv0
           2.8944406358088514e+01   3.8000000000000000e+01  -2.5400000000000000e-01 #xyz tv1
           3.9900000000000006e+01   3.9900000000000006e+01  -2.2225000000000001e+00 #xyz tv2
           3.0949725568434509e+01   3.8000000000000000e+01  -2.5400000000000000e-01 -1 34 #xyz tv3 fid bid
           2.8696772200704928e+01   3.4216167849669432e+01  -2.5400000000000000e-01 #xyz tv0
           3.3250000000000000e+01   3.8000000000000000e+01   0.0000000000000000e+00 #xyz tv1
           2.9119584677408930e+01   3.4199291193207678e+01   0.0000000000000000e+00 #xyz tv2
           3.0949725568434509e+01   3.8000000000000000e+01  -2.5400000000000000e-01 -1 34 #xyz tv3 fid bid
           3.3268681392108633e+01   3.8000000000000000e+01  -2.5400000000000000e-01 #xyz tv0
           3.3250000000000000e+01   3.8000000000000000e+01   0.0000000000000000e+00 #xyz tv1
           2.8696772200704928e+01   3.4216167849669432e+01  -2.5400000000000000e-01 #xyz tv2
           3.0949725568434509e+01   3.8000000000000000e+01  -2.5400000000000000e-01 -1 34 #xyz tv3 fid bid
           3.3268681392108633e+01   3.8000000000000000e+01  -2.5400000000000000e-01 #xyz tv0
           2.8696772200704928e+01   3.4216167849669432e+01  -2.5400000000000000e-01 #xyz tv1
           3.9900000000000006e+01   3.9900000000000006e+01  -2.2225000000000001e+00 #xyz tv2
           3.0949725568434509e+01   3.8000000000000000e+01  -2.5400000000000000e-01 -1 34 #xyz tv3 fid bid
           2.8696772200704928e+01   3.4216167849669432e+01  -2.5400000000000000e-01 #xyz tv0
           2.8944406358088514e+01   3.8000000000000000e+01  -2.5400000000000000e-01 #xyz tv1
           3.0949725568434509e+01   3.8000000000000000e+01  -2.5400000000000000e-01 36 -1 #xyz tv2 fid bid
           3.3268681392108633e+01   3.8000000000000000e+01  -2.5400000000000000e-01 #xyz tv0
           2.8696772200704928e+01   3.4216167849669432e+01  -2.5400000000000000e-01 #xyz tv1
           3.0949725568434509e+01   3.8000000000000000e+01  -2.5400000000000000e-01 36 -1 #xyz tv2 fid bid
           3.0949725568434509e+01   3.8000000000000000e+01  -2.5400000000000000e-01 #xyz ev0
           2.8696772200704928e+01   3.4216167849669432e+01  -2.5400000000000000e-01 -1 34 #xyz ev1 fid bid
   0   0.000000000000e+00   0.000000000000e+00   0.000000000000e+00 #flag location
END_ERR 
G3dErrFileVersion 2018P3.1
FlagFileMetaData Begin
   Mesh Size - Setup1, Refinement, Pass #8, Freq. 3.600000e+09 :Title    
   Listing of mesh elements with small segments. :ToolTip  
   hf3d :Author   
   1701312235 :TimeStamp
FlagFileMetaData End
BEGIN_ERR 
26 Small mesh segment detected on body : Airbox
 Small mesh segment detected on body : Airbox 
 Segment Statistics - Number of Segments : 1 --- Segment length(s) : 4.484301mm. The cutoff frequency for S-Matrix Only Solve is 7.88927521052632MHz 
2 -1  36  # nfids, fids[]
2 34  -1  # nbids, bids[]
      5 2 1 0 #ntets ntri ned npts
           2.9164818576078979e+01   3.8000000000000000e+01  -2.5400000000000000e-01 #xyz tv0
           2.8696772200704928e+01   3.4216167849669432e+01  -2.5400000000000000e-01 #xyz tv1
           2.9119584677408930e+01   3.4199291193207678e+01   0.0000000000000000e+00 #xyz tv2
           3.1103340345738950e+01   3.8000000000000000e+01  -2.5400000000000000e-01 -1 34 #xyz tv3 fid bid
           2.8696772200704928e+01   3.4216167849669432e+01  -2.5400000000000000e-01 #xyz tv0
           2.9164818576078979e+01   3.8000000000000000e+01  -2.5400000000000000e-01 #xyz tv1
           3.9900000000000006e+01   3.9900000000000006e+01  -2.2225000000000001e+00 #xyz tv2
           3.1103340345738950e+01   3.8000000000000000e+01  -2.5400000000000000e-01 -1 34 #xyz tv3 fid bid
           2.8696772200704928e+01   3.4216167849669432e+01  -2.5400000000000000e-01 #xyz tv0
           3.3250000000000000e+01   3.8000000000000000e+01   0.0000000000000000e+00 #xyz tv1
           2.9119584677408930e+01   3.4199291193207678e+01   0.0000000000000000e+00 #xyz tv2
           3.1103340345738950e+01   3.8000000000000000e+01  -2.5400000000000000e-01 -1 34 #xyz tv3 fid bid
           3.3330897274682712e+01   3.8000000000000000e+01  -2.5400000000000000e-01 #xyz tv0
           3.3250000000000000e+01   3.8000000000000000e+01   0.0000000000000000e+00 #xyz tv1
           2.8696772200704928e+01   3.4216167849669432e+01  -2.5400000000000000e-01 #xyz tv2
           3.1103340345738950e+01   3.8000000000000000e+01  -2.5400000000000000e-01 -1 34 #xyz tv3 fid bid
           3.3330897274682712e+01   3.8000000000000000e+01  -2.5400000000000000e-01 #xyz tv0
           2.8696772200704928e+01   3.4216167849669432e+01  -2.5400000000000000e-01 #xyz tv1
           3.9900000000000006e+01   3.9900000000000006e+01  -2.2225000000000001e+00 #xyz tv2
           3.1103340345738950e+01   3.8000000000000000e+01  -2.5400000000000000e-01 -1 34 #xyz tv3 fid bid
           2.8696772200704928e+01   3.4216167849669432e+01  -2.5400000000000000e-01 #xyz tv0
           2.9164818576078979e+01   3.8000000000000000e+01  -2.5400000000000000e-01 #xyz tv1
           3.1103340345738950e+01   3.8000000000000000e+01  -2.5400000000000000e-01 36 -1 #xyz tv2 fid bid
           3.3330897274682712e+01   3.8000000000000000e+01  -2.5400000000000000e-01 #xyz tv0
           2.8696772200704928e+01   3.4216167849669432e+01  -2.5400000000000000e-01 #xyz tv1
           3.1103340345738950e+01   3.8000000000000000e+01  -2.5400000000000000e-01 36 -1 #xyz tv2 fid bid
           3.1103340345738950e+01   3.8000000000000000e+01  -2.5400000000000000e-01 #xyz ev0
           2.8696772200704928e+01   3.4216167849669432e+01  -2.5400000000000000e-01 -1 34 #xyz ev1 fid bid
   0   0.000000000000e+00   0.000000000000e+00   0.000000000000e+00 #flag location
END_ERR 
G3dErrFileVersion 2018P3.1
FlagFileMetaData Begin
   Mesh Size - Setup1, Refinement, Pass #9, Freq. 3.600000e+09 :Title    
   Listing of mesh elements with small segments. :ToolTip  
   hf3d :Author   
   1701312240 :TimeStamp
FlagFileMetaData End
BEGIN_ERR 
26 Small mesh segment detected on body : Airbox
 Small mesh segment detected on body : Airbox 
 Segment Statistics - Number of Segments : 1 --- Segment length(s) : 4.561795mm. The cutoff frequency for S-Matrix Only Solve is 7.88927521052632MHz 
2 -1  36  # nfids, fids[]
2 34  -1  # nbids, bids[]
      5 2 1 0 #ntets ntri ned npts
           2.9353746148731467e+01   3.8000000000000000e+01  -2.5400000000000000e-01 #xyz tv0
           2.8696772200704928e+01   3.4216167849669432e+01  -2.5400000000000000e-01 #xyz tv1
           2.9119584677408930e+01   3.4199291193207678e+01   0.0000000000000000e+00 #xyz tv2
           3.1244828427750051e+01   3.8000000000000000e+01  -2.5400000000000000e-01 -1 34 #xyz tv3 fid bid
           2.8696772200704928e+01   3.4216167849669432e+01  -2.5400000000000000e-01 #xyz tv0
           2.9353746148731467e+01   3.8000000000000000e+01  -2.5400000000000000e-01 #xyz tv1
           3.9900000000000006e+01   3.9900000000000006e+01  -2.2225000000000001e+00 #xyz tv2
           3.1244828427750051e+01   3.8000000000000000e+01  -2.5400000000000000e-01 -1 34 #xyz tv3 fid bid
           2.8696772200704928e+01   3.4216167849669432e+01  -2.5400000000000000e-01 #xyz tv0
           3.3250000000000000e+01   3.8000000000000000e+01   0.0000000000000000e+00 #xyz tv1
           2.9119584677408930e+01   3.4199291193207678e+01   0.0000000000000000e+00 #xyz tv2
           3.1244828427750051e+01   3.8000000000000000e+01  -2.5400000000000000e-01 -1 34 #xyz tv3 fid bid
           3.3407481218880136e+01   3.8000000000000000e+01  -2.5400000000000000e-01 #xyz tv0
           3.3250000000000000e+01   3.8000000000000000e+01   0.0000000000000000e+00 #xyz tv1
           2.8696772200704928e+01   3.4216167849669432e+01  -2.5400000000000000e-01 #xyz tv2
           3.1244828427750051e+01   3.8000000000000000e+01  -2.5400000000000000e-01 -1 34 #xyz tv3 fid bid
           3.3407481218880136e+01   3.8000000000000000e+01  -2.5400000000000000e-01 #xyz tv0
           2.8696772200704928e+01   3.4216167849669432e+01  -2.5400000000000000e-01 #xyz tv1
           3.9900000000000006e+01   3.9900000000000006e+01  -2.2225000000000001e+00 #xyz tv2
           3.1244828427750051e+01   3.8000000000000000e+01  -2.5400000000000000e-01 -1 34 #xyz tv3 fid bid
           2.8696772200704928e+01   3.4216167849669432e+01  -2.5400000000000000e-01 #xyz tv0
           2.9353746148731467e+01   3.8000000000000000e+01  -2.5400000000000000e-01 #xyz tv1
           3.1244828427750051e+01   3.8000000000000000e+01  -2.5400000000000000e-01 36 -1 #xyz tv2 fid bid
           3.3407481218880136e+01   3.8000000000000000e+01  -2.5400000000000000e-01 #xyz tv0
           2.8696772200704928e+01   3.4216167849669432e+01  -2.5400000000000000e-01 #xyz tv1
           3.1244828427750051e+01   3.8000000000000000e+01  -2.5400000000000000e-01 36 -1 #xyz tv2 fid bid
           3.1244828427750051e+01   3.8000000000000000e+01  -2.5400000000000000e-01 #xyz ev0
           2.8696772200704928e+01   3.4216167849669432e+01  -2.5400000000000000e-01 -1 34 #xyz ev1 fid bid
   0   0.000000000000e+00   0.000000000000e+00   0.000000000000e+00 #flag location
END_ERR 
G3dErrFileVersion 2018P3.1
FlagFileMetaData Begin
   Mesh Size - Setup1, Refinement, Pass #10, Freq. 3.600000e+09 :Title    
   Listing of mesh elements with small segments. :ToolTip  
   hf3d :Author   
   1701312242 :TimeStamp
FlagFileMetaData End
BEGIN_ERR 
26 Small mesh segment detected on body : Substrate
 Small mesh segment detected on body : Substrate 
 Segment Statistics - Number of Segments : 1 --- Segment length(s) : 0.178032mm. The cutoff frequency for S-Matrix Only Solve is 7.88927521052632MHz 
1 -1  # nfids, fids[]
1 6  # nbids, bids[]
      6 0 1 0 #ntets ntri ned npts
           2.2206076871827307e+01   2.4327324792399391e+01   5.6031413825757614e-01 #xyz tv0
           2.1860392621764419e+01   2.4476268353754861e+01   6.0460169174986667e-01 #xyz tv1
           2.1963892450983970e+01   2.4360622220556962e+01   6.9183112762472876e-01 #xyz tv2
           2.1951975314030037e+01   2.4290537794789572e+01   3.6346413825757601e-01 -1 6 #xyz tv3 fid bid
           2.2206076871827307e+01   2.4327324792399391e+01   5.6031413825757614e-01 #xyz tv0
           2.1963892450983970e+01   2.4360622220556962e+01   6.9183112762472876e-01 #xyz tv1
           2.1860392621764419e+01   2.4476268353754861e+01   6.0460169174986667e-01 #xyz tv2
           2.2148750000000014e+01   2.4500000000000000e+01   7.8740000000000054e-01 -1 6 #xyz tv3 fid bid
           2.1963892450983970e+01   2.4360622220556962e+01   6.9183112762472876e-01 #xyz tv0
           2.1951975314030037e+01   2.4290537794789572e+01   3.6346413825757601e-01 #xyz tv1
           2.1860392621764419e+01   2.4476268353754861e+01   6.0460169174986667e-01 #xyz tv2
           2.1779034901967925e+01   2.4221244441113924e+01   5.9626225524945697e-01 -1 6 #xyz tv3 fid bid
           2.1642733391609244e+01   2.4780307228815143e+01   7.8740000000000054e-01 #xyz tv0
           2.1963892450983970e+01   2.4360622220556962e+01   6.9183112762472876e-01 #xyz tv1
           2.2148750000000014e+01   2.4500000000000000e+01   7.8740000000000054e-01 #xyz tv2
           2.1860392621764419e+01   2.4476268353754861e+01   6.0460169174986667e-01 -1 6 #xyz tv3 fid bid
           2.1963892450983970e+01   2.4360622220556962e+01   6.9183112762472876e-01 #xyz tv0
           2.1860392621764419e+01   2.4476268353754861e+01   6.0460169174986667e-01 #xyz tv1
           2.1717754803327495e+01   2.4252385254594834e+01   7.8740000000000054e-01 #xyz tv2
           2.1779034901967925e+01   2.4221244441113924e+01   5.9626225524945697e-01 -1 6 #xyz tv3 fid bid
           2.1642733391609244e+01   2.4780307228815143e+01   7.8740000000000054e-01 #xyz tv0
           2.1963892450983970e+01   2.4360622220556962e+01   6.9183112762472876e-01 #xyz tv1
           2.1860392621764419e+01   2.4476268353754861e+01   6.0460169174986667e-01 #xyz tv2
           2.1717754803327495e+01   2.4252385254594834e+01   7.8740000000000054e-01 -1 6 #xyz tv3 fid bid
           2.1963892450983970e+01   2.4360622220556962e+01   6.9183112762472876e-01 #xyz ev0
           2.1860392621764419e+01   2.4476268353754861e+01   6.0460169174986667e-01 -1 6 #xyz ev1 fid bid
   0   0.000000000000e+00   0.000000000000e+00   0.000000000000e+00 #flag location
END_ERR 
G3dErrFileVersion 2018P3.1
FlagFileMetaData Begin
   Mesh Size - Setup1, Refinement, Pass #11, Freq. 3.600000e+09 :Title    
   Listing of mesh elements with small segments. :ToolTip  
   hf3d :Author   
   1701312245 :TimeStamp
FlagFileMetaData End
BEGIN_ERR 
26 Small mesh segment detected on body : Substrate
 Small mesh segment detected on body : Substrate 
 Segment Statistics - Number of Segments : 1 --- Segment length(s) : 0.134668mm. The cutoff frequency for S-Matrix Only Solve is 7.88927521052632MHz 
1 -1  # nfids, fids[]
1 6  # nbids, bids[]
      5 0 1 0 #ntets ntri ned npts
           1.5569870122565387e+01   1.3971446433325518e+01   4.1856295754845940e-01 #xyz tv0
           1.5467743372659067e+01   1.3428981126649756e+01   6.1615556642562463e-01 #xyz tv1
           1.5712466057451945e+01   1.3684828916517858e+01   6.8415770299727219e-01 #xyz tv2
           1.5784372331950461e+01   1.3692861486315085e+01   5.7057800317769347e-01 -1 6 #xyz tv3 fid bid
           1.5814813615013360e+01   1.3479526609092801e+01   5.9963360212280770e-01 #xyz tv0
           1.5712466057451945e+01   1.3684828916517858e+01   6.8415770299727219e-01 #xyz tv1
           1.5467743372659067e+01   1.3428981126649756e+01   6.1615556642562463e-01 #xyz tv2
           1.5784372331950461e+01   1.3692861486315085e+01   5.7057800317769347e-01 -1 6 #xyz tv3 fid bid
           1.5923281503915788e+01   1.4000000000000002e+01   7.8740000000000054e-01 #xyz tv0
           1.5569870122565387e+01   1.3971446433325518e+01   4.1856295754845940e-01 #xyz tv1
           1.5712466057451945e+01   1.3684828916517858e+01   6.8415770299727219e-01 #xyz tv2
           1.5784372331950461e+01   1.3692861486315085e+01   5.7057800317769347e-01 -1 6 #xyz tv3 fid bid
           1.5963188767357215e+01   1.3691851934605801e+01   6.3659382466859216e-01 #xyz tv0
           1.5712466057451945e+01   1.3684828916517858e+01   6.8415770299727219e-01 #xyz tv1
           1.5814813615013360e+01   1.3479526609092801e+01   5.9963360212280770e-01 #xyz tv2
           1.5784372331950461e+01   1.3692861486315085e+01   5.7057800317769347e-01 -1 6 #xyz tv3 fid bid
           1.5923281503915788e+01   1.4000000000000002e+01   7.8740000000000054e-01 #xyz tv0
           1.5712466057451945e+01   1.3684828916517858e+01   6.8415770299727219e-01 #xyz tv1
           1.5963188767357215e+01   1.3691851934605801e+01   6.3659382466859216e-01 #xyz tv2
           1.5784372331950461e+01   1.3692861486315085e+01   5.7057800317769347e-01 -1 6 #xyz tv3 fid bid
           1.5784372331950461e+01   1.3692861486315085e+01   5.7057800317769347e-01 #xyz ev0
           1.5712466057451945e+01   1.3684828916517858e+01   6.8415770299727219e-01 -1 6 #xyz ev1 fid bid
   0   0.000000000000e+00   0.000000000000e+00   0.000000000000e+00 #flag location
END_ERR 
G3dErrFileVersion 2018P3.1
FlagFileMetaData Begin
   Mesh Size - Setup1, Refinement, Pass #12, Freq. 3.600000e+09 :Title    
   Listing of mesh elements with small segments. :ToolTip  
   hf3d :Author   
   1701312248 :TimeStamp
FlagFileMetaData End
BEGIN_ERR 
26 Small mesh segment detected on body : Substrate
 Small mesh segment detected on body : Substrate 
 Segment Statistics - Number of Segments : 1 --- Segment length(s) : 0.119963mm. The cutoff frequency for S-Matrix Only Solve is 7.88927521052632MHz 
1 -1  # nfids, fids[]
1 6  # nbids, bids[]
      4 0 1 0 #ntets ntri ned npts
           1.5641288233215759e+01   1.3577571729095421e+01   7.8740000000000054e-01 #xyz tv0
           1.5851250000000000e+01   1.3500000000000000e+01   7.8740000000000054e-01 #xyz tv1
           1.5712466057451945e+01   1.3684828916517860e+01   6.8415770299727219e-01 #xyz tv2
           1.5675120280685451e+01   1.3487534207645536e+01   7.1570795149117328e-01 -1 6 #xyz tv3 fid bid
           1.5467743372659067e+01   1.3428981126649756e+01   6.1615556642562463e-01 #xyz tv0
           1.5641288233215759e+01   1.3577571729095421e+01   7.8740000000000054e-01 #xyz tv1
           1.5712466057451945e+01   1.3684828916517860e+01   6.8415770299727219e-01 #xyz tv2
           1.5675120280685451e+01   1.3487534207645536e+01   7.1570795149117328e-01 -1 6 #xyz tv3 fid bid
           1.5641288233215759e+01   1.3577571729095421e+01   7.8740000000000054e-01 #xyz tv0
           1.5851250000000000e+01   1.3500000000000000e+01   7.8740000000000054e-01 #xyz tv1
           1.5675120280685451e+01   1.3487534207645536e+01   7.1570795149117328e-01 #xyz tv2
           1.5597414372395001e+01   1.3349750150570987e+01   7.8740000000000054e-01 -1 6 #xyz tv3 fid bid
           1.5641288233215759e+01   1.3577571729095421e+01   7.8740000000000054e-01 #xyz tv0
           1.5675120280685451e+01   1.3487534207645536e+01   7.1570795149117328e-01 #xyz tv1
           1.5467743372659067e+01   1.3428981126649756e+01   6.1615556642562463e-01 #xyz tv2
           1.5597414372395001e+01   1.3349750150570987e+01   7.8740000000000054e-01 -1 6 #xyz tv3 fid bid
           1.5675120280685451e+01   1.3487534207645536e+01   7.1570795149117328e-01 #xyz ev0
           1.5641288233215759e+01   1.3577571729095421e+01   7.8740000000000054e-01 -1 6 #xyz ev1 fid bid
   0   0.000000000000e+00   0.000000000000e+00   0.000000000000e+00 #flag location
END_ERR 
G3dErrFileVersion 2018P3.1
FlagFileMetaData Begin
   Mesh Size - Setup1, Refinement, Pass #13, Freq. 3.600000e+09 :Title    
   Listing of mesh elements with small segments. :ToolTip  
   hf3d :Author   
   1701312251 :TimeStamp
FlagFileMetaData End
BEGIN_ERR 
26 Small mesh segment detected on body : Substrate
 Small mesh segment detected on body : Substrate 
 Segment Statistics - Number of Segments : 1 --- Segment length(s) : 0.080470mm. The cutoff frequency for S-Matrix Only Solve is 7.88927521052632MHz 
1 -1  # nfids, fids[]
1 6  # nbids, bids[]
      4 0 1 0 #ntets ntri ned npts
           2.2058537082218173e+01   2.4385060107126733e+01   7.8740000000000054e-01 #xyz tv0
           2.1944555674691237e+01   2.4455024709403236e+01   7.8740000000000054e-01 #xyz tv1
           2.2039197750873004e+01   2.4428102997006150e+01   7.2221721975091924e-01 #xyz tv2
           2.2148750000000014e+01   2.4500000000000000e+01   7.8740000000000054e-01 -1 6 #xyz tv3 fid bid
           2.2058537082218173e+01   2.4385060107126733e+01   7.8740000000000054e-01 #xyz tv0
           2.2039197750873004e+01   2.4428102997006150e+01   7.2221721975091924e-01 #xyz tv1
           2.1944555674691237e+01   2.4455024709403236e+01   7.8740000000000054e-01 #xyz tv2
           2.1955068191107273e+01   2.4287399969328959e+01   7.8740000000000054e-01 -1 6 #xyz tv3 fid bid
           2.2154063460515061e+01   2.4332002590435309e+01   6.4426683036068733e-01 #xyz tv0
           2.2148750000000014e+01   2.4500000000000000e+01   7.8740000000000054e-01 #xyz tv1
           2.2058537082218173e+01   2.4385060107126733e+01   7.8740000000000054e-01 #xyz tv2
           2.2039197750873004e+01   2.4428102997006150e+01   7.2221721975091924e-01 -1 6 #xyz tv3 fid bid
           2.2154063460515061e+01   2.4332002590435309e+01   6.4426683036068733e-01 #xyz tv0
           2.2058537082218173e+01   2.4385060107126733e+01   7.8740000000000054e-01 #xyz tv1
           2.1955068191107273e+01   2.4287399969328959e+01   7.8740000000000054e-01 #xyz tv2
           2.2039197750873004e+01   2.4428102997006150e+01   7.2221721975091924e-01 -1 6 #xyz tv3 fid bid
