G3dErrFileVersion 2018P3.1
FlagFileMetaData Begin
   Mesh Size - Setup1, Refinement, Pass #1, Freq. 3.600000e+09 :Title    
   Listing of mesh elements with small segments. :ToolTip  
   hf3d :Author   
   1701785766 :TimeStamp
FlagFileMetaData End
BEGIN_ERR 
26 Small mesh segment detected on body : Substrate
 Small mesh segment detected on body : Substrate 
 Segment Statistics - Number of Segments : 1 --- Segment length(s) : 13.435029mm. The cutoff frequency for S-Matrix Only Solve is 7.88927521052632MHz 
4 -1  8  36  914  # nfids, fids[]
2 6  -1  # nbids, bids[]
      5 6 1 0 #ntets ntri ned npts
           3.8000000000000000e+01   0.0000000000000000e+00   7.8740000000000043e-01 #xyz tv0
           2.8500000000000000e+01   9.5000000000000000e+00   0.0000000000000000e+00 #xyz tv1
           2.8500000000000000e+01   0.0000000000000000e+00   0.0000000000000000e+00 #xyz tv2
           3.8000000000000000e+01   0.0000000000000000e+00   0.0000000000000000e+00 -1 6 #xyz tv3 fid bid
           2.8500000000000000e+01   0.0000000000000000e+00   0.0000000000000000e+00 #xyz tv0
           2.8500000000000000e+01   9.5000000000000000e+00   0.0000000000000000e+00 #xyz tv1
           2.9450000000000003e+01   8.5499999999999989e+00  -2.5400000000000000e+00 #xyz tv2
           3.8000000000000000e+01   0.0000000000000000e+00   0.0000000000000000e+00 -1 6 #xyz tv3 fid bid
           3.8000000000000000e+01   0.0000000000000000e+00   7.8740000000000043e-01 #xyz tv0
           3.8000000000000000e+01   9.5000000000000000e+00   7.8740000000000043e-01 #xyz tv1
           2.8500000000000000e+01   9.5000000000000000e+00   0.0000000000000000e+00 #xyz tv2
           3.8000000000000000e+01   0.0000000000000000e+00   0.0000000000000000e+00 -1 6 #xyz tv3 fid bid
           3.8000000000000000e+01   9.5000000000000000e+00   0.0000000000000000e+00 #xyz tv0
           2.9450000000000003e+01   8.5499999999999989e+00  -2.5400000000000000e+00 #xyz tv1
           2.8500000000000000e+01   9.5000000000000000e+00   0.0000000000000000e+00 #xyz tv2
           3.8000000000000000e+01   0.0000000000000000e+00   0.0000000000000000e+00 -1 6 #xyz tv3 fid bid
           3.8000000000000000e+01   9.5000000000000000e+00   0.0000000000000000e+00 #xyz tv0
           2.8500000000000000e+01   9.5000000000000000e+00   0.0000000000000000e+00 #xyz tv1
           3.8000000000000000e+01   9.5000000000000000e+00   7.8740000000000043e-01 #xyz tv2
           3.8000000000000000e+01   0.0000000000000000e+00   0.0000000000000000e+00 -1 6 #xyz tv3 fid bid
           3.8000000000000000e+01   9.5000000000000000e+00   0.0000000000000000e+00 #xyz tv0
           3.8000000000000000e+01   0.0000000000000000e+00   0.0000000000000000e+00 #xyz tv1
           2.8500000000000000e+01   9.5000000000000000e+00   0.0000000000000000e+00 8 -1 #xyz tv2 fid bid
           3.8000000000000000e+01   9.5000000000000000e+00   0.0000000000000000e+00 #xyz tv0
           3.8000000000000000e+01   0.0000000000000000e+00   0.0000000000000000e+00 #xyz tv1
           2.8500000000000000e+01   9.5000000000000000e+00   0.0000000000000000e+00 36 -1 #xyz tv2 fid bid
           3.8000000000000000e+01   9.5000000000000000e+00   0.0000000000000000e+00 #xyz tv0
           3.8000000000000000e+01   0.0000000000000000e+00   0.0000000000000000e+00 #xyz tv1
           2.8500000000000000e+01   9.5000000000000000e+00   0.0000000000000000e+00 914 -1 #xyz tv2 fid bid
           2.8500000000000000e+01   0.0000000000000000e+00   0.0000000000000000e+00 #xyz tv0
           2.8500000000000000e+01   9.5000000000000000e+00   0.0000000000000000e+00 #xyz tv1
           3.8000000000000000e+01   0.0000000000000000e+00   0.0000000000000000e+00 8 -1 #xyz tv2 fid bid
           2.8500000000000000e+01   0.0000000000000000e+00   0.0000000000000000e+00 #xyz tv0
           2.8500000000000000e+01   9.5000000000000000e+00   0.0000000000000000e+00 #xyz tv1
           3.8000000000000000e+01   0.0000000000000000e+00   0.0000000000000000e+00 36 -1 #xyz tv2 fid bid
           2.8500000000000000e+01   0.0000000000000000e+00   0.0000000000000000e+00 #xyz tv0
           2.8500000000000000e+01   9.5000000000000000e+00   0.0000000000000000e+00 #xyz tv1
           3.8000000000000000e+01   0.0000000000000000e+00   0.0000000000000000e+00 914 -1 #xyz tv2 fid bid
           3.8000000000000000e+01   0.0000000000000000e+00   0.0000000000000000e+00 #xyz ev0
           2.8500000000000000e+01   9.5000000000000000e+00   0.0000000000000000e+00 -1 6 #xyz ev1 fid bid
   0   0.000000000000e+00   0.000000000000e+00   0.000000000000e+00 #flag location
END_ERR 
G3dErrFileVersion 2018P3.1
FlagFileMetaData Begin
   Mesh Size - Setup1, Refinement, Pass #2, Freq. 3.600000e+09 :Title    
   Listing of mesh elements with small segments. :ToolTip  
   hf3d :Author   
   1701785768 :TimeStamp
FlagFileMetaData End
BEGIN_ERR 
26 Small mesh segment detected on body : Airbox
 Small mesh segment detected on body : Airbox 
 Segment Statistics - Number of Segments : 1 --- Segment length(s) : 0.250000mm. The cutoff frequency for S-Matrix Only Solve is 7.88927521052632MHz 
2 -1  7  # nfids, fids[]
2 34  -1  # nbids, bids[]
      8 2 1 0 #ntets ntri ned npts
           2.8471811755952380e+01   1.8547619047619047e+01   7.6199999999999992e+00 #xyz tv0
           2.4577500000000001e+01   1.8875000000000000e+01   7.8740000000000054e-01 #xyz tv1
           2.4577500000000001e+01   1.9125000000000000e+01   7.8740000000000054e-01 #xyz tv2
           1.8943623511904761e+01   1.8095238095238095e+01   7.6199999999999992e+00 -1 34 #xyz tv3 fid bid
           2.8471811755952380e+01   1.8547619047619047e+01   7.6199999999999992e+00 #xyz tv0
           2.4577500000000001e+01   1.9125000000000000e+01   7.8740000000000054e-01 #xyz tv1
           2.4577500000000001e+01   1.8875000000000000e+01   7.8740000000000054e-01 #xyz tv2
           2.6357500000000002e+01   2.0905000000000001e+01   7.8740000000000054e-01 -1 34 #xyz tv3 fid bid
           2.4577500000000001e+01   1.9125000000000000e+01   7.8740000000000054e-01 #xyz tv0
           1.8943623511904761e+01   1.8095238095238095e+01   7.6199999999999992e+00 #xyz tv1
           2.4577500000000001e+01   1.8875000000000000e+01   7.8740000000000054e-01 #xyz tv2
           1.8999999999999996e+01   1.9000000000000000e+01   4.2037000000000004e+00 -1 34 #xyz tv3 fid bid
           2.4577500000000001e+01   1.9125000000000000e+01   7.8740000000000054e-01 #xyz tv0
           2.6357500000000002e+01   2.0905000000000001e+01   7.8740000000000054e-01 #xyz tv1
           2.7470337574365878e+01   1.8956560576333871e+01   0.0000000000000000e+00 #xyz tv2
           2.4577500000000001e+01   1.8875000000000000e+01   7.8740000000000054e-01 -1 34 #xyz tv3 fid bid
           2.4577500000000001e+01   1.9125000000000000e+01   7.8740000000000054e-01 #xyz tv0
           2.4577500000000001e+01   1.8875000000000000e+01   7.8740000000000054e-01 #xyz tv1
           1.5202499999999999e+01   1.8875000000000000e+01   7.8740000000000054e-01 #xyz tv2
           1.8999999999999996e+01   1.9000000000000000e+01   4.2037000000000004e+00 -1 34 #xyz tv3 fid bid
           2.4577500000000001e+01   1.9125000000000000e+01   7.8740000000000054e-01 #xyz tv0
           2.4577500000000001e+01   1.8875000000000000e+01   7.8740000000000054e-01 #xyz tv1
           2.7470337574365878e+01   1.8956560576333871e+01   0.0000000000000000e+00 #xyz tv2
           1.9000000000000000e+01   1.9000000000000000e+01   0.0000000000000000e+00 -1 34 #xyz tv3 fid bid
           2.4577500000000001e+01   1.9125000000000000e+01   7.8740000000000054e-01 #xyz tv0
           1.5202499999999999e+01   1.8875000000000000e+01   7.8740000000000054e-01 #xyz tv1
           2.4577500000000001e+01   1.8875000000000000e+01   7.8740000000000054e-01 #xyz tv2
           1.8999999999999996e+01   1.8999999999999996e+01   3.9370000000000027e-01 -1 34 #xyz tv3 fid bid
           2.4577500000000001e+01   1.9125000000000000e+01   7.8740000000000054e-01 #xyz tv0
           2.4577500000000001e+01   1.8875000000000000e+01   7.8740000000000054e-01 #xyz tv1
           1.9000000000000000e+01   1.9000000000000000e+01   0.0000000000000000e+00 #xyz tv2
           1.8999999999999996e+01   1.8999999999999996e+01   3.9370000000000027e-01 -1 34 #xyz tv3 fid bid
           2.4577500000000001e+01   1.9125000000000000e+01   7.8740000000000054e-01 #xyz tv0
           2.4577500000000001e+01   1.8875000000000000e+01   7.8740000000000054e-01 #xyz tv1
           2.6357500000000002e+01   2.0905000000000001e+01   7.8740000000000054e-01 7 -1 #xyz tv2 fid bid
           2.4577500000000001e+01   1.8875000000000000e+01   7.8740000000000054e-01 #xyz tv0
           2.4577500000000001e+01   1.9125000000000000e+01   7.8740000000000054e-01 #xyz tv1
           1.5202499999999999e+01   1.8875000000000000e+01   7.8740000000000054e-01 7 -1 #xyz tv2 fid bid
           2.4577500000000001e+01   1.9125000000000000e+01   7.8740000000000054e-01 #xyz ev0
           2.4577500000000001e+01   1.8875000000000000e+01   7.8740000000000054e-01 -1 34 #xyz ev1 fid bid
   0   0.000000000000e+00   0.000000000000e+00   0.000000000000e+00 #flag location
END_ERR 
G3dErrFileVersion 2018P3.1
FlagFileMetaData Begin
   Mesh Size - Setup1, Refinement, Pass #3, Freq. 3.600000e+09 :Title    
   Listing of mesh elements with small segments. :ToolTip  
   hf3d :Author   
   1701785771 :TimeStamp
FlagFileMetaData End
BEGIN_ERR 
26 Small mesh segment detected on body : Airbox
 Small mesh segment detected on body : Airbox 
 Segment Statistics - Number of Segments : 1 --- Segment length(s) : 0.250000mm. The cutoff frequency for S-Matrix Only Solve is 7.88927521052632MHz 
2 -1  7  # nfids, fids[]
2 34  -1  # nbids, bids[]
      7 2 1 0 #ntets ntri ned npts
           2.4577500000000001e+01   1.8875000000000000e+01   7.8740000000000054e-01 #xyz tv0
           2.8471811755952380e+01   1.8547619047619047e+01   7.6199999999999992e+00 #xyz tv1
           1.8999999999999996e+01   1.9000000000000000e+01   4.2037000000000004e+00 #xyz tv2
           2.4577500000000001e+01   1.9125000000000000e+01   7.8740000000000054e-01 -1 34 #xyz tv3 fid bid
           2.8471811755952380e+01   1.8547619047619047e+01   7.6199999999999992e+00 #xyz tv0
           2.4577500000000001e+01   1.9125000000000000e+01   7.8740000000000054e-01 #xyz tv1
           2.4577500000000001e+01   1.8875000000000000e+01   7.8740000000000054e-01 #xyz tv2
           2.6357500000000002e+01   2.0905000000000001e+01   7.8740000000000054e-01 -1 34 #xyz tv3 fid bid
           2.4577500000000001e+01   1.9125000000000000e+01   7.8740000000000054e-01 #xyz tv0
           2.4577500000000001e+01   1.8875000000000000e+01   7.8740000000000054e-01 #xyz tv1
           1.5202499999999999e+01   1.8875000000000000e+01   7.8740000000000054e-01 #xyz tv2
           1.8999999999999996e+01   1.9000000000000000e+01   4.2037000000000004e+00 -1 34 #xyz tv3 fid bid
           2.4577500000000001e+01   1.9125000000000000e+01   7.8740000000000054e-01 #xyz tv0
           2.6357500000000002e+01   2.0905000000000001e+01   7.8740000000000054e-01 #xyz tv1
           2.7238112018510872e+01   1.8727201821384668e+01   0.0000000000000000e+00 #xyz tv2
           2.4577500000000001e+01   1.8875000000000000e+01   7.8740000000000054e-01 -1 34 #xyz tv3 fid bid
           2.4577500000000001e+01   1.9125000000000000e+01   7.8740000000000054e-01 #xyz tv0
           1.5202499999999999e+01   1.8875000000000000e+01   7.8740000000000054e-01 #xyz tv1
           2.4577500000000001e+01   1.8875000000000000e+01   7.8740000000000054e-01 #xyz tv2
           1.8999999999999996e+01   1.8999999999999996e+01   3.9370000000000027e-01 -1 34 #xyz tv3 fid bid
           2.4577500000000001e+01   1.9125000000000000e+01   7.8740000000000054e-01 #xyz tv0
           2.4577500000000001e+01   1.8875000000000000e+01   7.8740000000000054e-01 #xyz tv1
           2.7238112018510872e+01   1.8727201821384668e+01   0.0000000000000000e+00 #xyz tv2
           1.9306352796437952e+01   1.9248708115173134e+01   0.0000000000000000e+00 -1 34 #xyz tv3 fid bid
           2.4577500000000001e+01   1.9125000000000000e+01   7.8740000000000054e-01 #xyz tv0
           2.4577500000000001e+01   1.8875000000000000e+01   7.8740000000000054e-01 #xyz tv1
           1.9306352796437952e+01   1.9248708115173134e+01   0.0000000000000000e+00 #xyz tv2
           1.8999999999999996e+01   1.8999999999999996e+01   3.9370000000000027e-01 -1 34 #xyz tv3 fid bid
           2.4577500000000001e+01   1.9125000000000000e+01   7.8740000000000054e-01 #xyz tv0
           2.4577500000000001e+01   1.8875000000000000e+01   7.8740000000000054e-01 #xyz tv1
           2.6357500000000002e+01   2.0905000000000001e+01   7.8740000000000054e-01 7 -1 #xyz tv2 fid bid
           2.4577500000000001e+01   1.8875000000000000e+01   7.8740000000000054e-01 #xyz tv0
           2.4577500000000001e+01   1.9125000000000000e+01   7.8740000000000054e-01 #xyz tv1
           1.5202499999999999e+01   1.8875000000000000e+01   7.8740000000000054e-01 7 -1 #xyz tv2 fid bid
           2.4577500000000001e+01   1.9125000000000000e+01   7.8740000000000054e-01 #xyz ev0
           2.4577500000000001e+01   1.8875000000000000e+01   7.8740000000000054e-01 -1 34 #xyz ev1 fid bid
   0   0.000000000000e+00   0.000000000000e+00   0.000000000000e+00 #flag location
END_ERR 
G3dErrFileVersion 2018P3.1
FlagFileMetaData Begin
   Mesh Size - Setup1, Refinement, Pass #4, Freq. 3.600000e+09 :Title    
   Listing of mesh elements with small segments. :ToolTip  
   hf3d :Author   
   1701785773 :TimeStamp
FlagFileMetaData End
BEGIN_ERR 
26 Small mesh segment detected on body : Airbox
 Small mesh segment detected on body : Airbox 
 Segment Statistics - Number of Segments : 1 --- Segment length(s) : 0.250000mm. The cutoff frequency for S-Matrix Only Solve is 7.88927521052632MHz 
2 -1  7  # nfids, fids[]
2 34  -1  # nbids, bids[]
      7 2 1 0 #ntets ntri ned npts
           2.4577500000000001e+01   1.8875000000000000e+01   7.8740000000000054e-01 #xyz tv0
           2.8471811755952380e+01   1.8547619047619047e+01   7.6199999999999992e+00 #xyz tv1
           1.8999999999999996e+01   1.9000000000000000e+01   4.2037000000000004e+00 #xyz tv2
           2.4577500000000001e+01   1.9125000000000000e+01   7.8740000000000054e-01 -1 34 #xyz tv3 fid bid
           2.8471811755952380e+01   1.8547619047619047e+01   7.6199999999999992e+00 #xyz tv0
           2.4577500000000001e+01   1.9125000000000000e+01   7.8740000000000054e-01 #xyz tv1
           2.4577500000000001e+01   1.8875000000000000e+01   7.8740000000000054e-01 #xyz tv2
           2.6357500000000002e+01   2.0905000000000001e+01   7.8740000000000054e-01 -1 34 #xyz tv3 fid bid
           2.4577500000000001e+01   1.9125000000000000e+01   7.8740000000000054e-01 #xyz tv0
           2.4577500000000001e+01   1.8875000000000000e+01   7.8740000000000054e-01 #xyz tv1
           1.5202499999999999e+01   1.8875000000000000e+01   7.8740000000000054e-01 #xyz tv2
           1.8999999999999996e+01   1.9000000000000000e+01   4.2037000000000004e+00 -1 34 #xyz tv3 fid bid
           2.4577500000000001e+01   1.9125000000000000e+01   7.8740000000000054e-01 #xyz tv0
           2.6357500000000002e+01   2.0905000000000001e+01   7.8740000000000054e-01 #xyz tv1
           2.7238112018510872e+01   1.8727201821384668e+01   0.0000000000000000e+00 #xyz tv2
           2.4577500000000001e+01   1.8875000000000000e+01   7.8740000000000054e-01 -1 34 #xyz tv3 fid bid
           2.4577500000000001e+01   1.9125000000000000e+01   7.8740000000000054e-01 #xyz tv0
           1.5202499999999999e+01   1.8875000000000000e+01   7.8740000000000054e-01 #xyz tv1
           2.4577500000000001e+01   1.8875000000000000e+01   7.8740000000000054e-01 #xyz tv2
           1.8999999999999996e+01   1.8999999999999996e+01   3.9370000000000027e-01 -1 34 #xyz tv3 fid bid
           2.4577500000000001e+01   1.9125000000000000e+01   7.8740000000000054e-01 #xyz tv0
           2.4577500000000001e+01   1.8875000000000000e+01   7.8740000000000054e-01 #xyz tv1
           2.7238112018510872e+01   1.8727201821384668e+01   0.0000000000000000e+00 #xyz tv2
           1.9306352796437952e+01   1.9248708115173134e+01   0.0000000000000000e+00 -1 34 #xyz tv3 fid bid
           2.4577500000000001e+01   1.9125000000000000e+01   7.8740000000000054e-01 #xyz tv0
           2.4577500000000001e+01   1.8875000000000000e+01   7.8740000000000054e-01 #xyz tv1
           1.9306352796437952e+01   1.9248708115173134e+01   0.0000000000000000e+00 #xyz tv2
           1.8999999999999996e+01   1.8999999999999996e+01   3.9370000000000027e-01 -1 34 #xyz tv3 fid bid
           2.4577500000000001e+01   1.9125000000000000e+01   7.8740000000000054e-01 #xyz tv0
           2.4577500000000001e+01   1.8875000000000000e+01   7.8740000000000054e-01 #xyz tv1
           2.6357500000000002e+01   2.0905000000000001e+01   7.8740000000000054e-01 7 -1 #xyz tv2 fid bid
           2.4577500000000001e+01   1.8875000000000000e+01   7.8740000000000054e-01 #xyz tv0
           2.4577500000000001e+01   1.9125000000000000e+01   7.8740000000000054e-01 #xyz tv1
           1.5202499999999999e+01   1.8875000000000000e+01   7.8740000000000054e-01 7 -1 #xyz tv2 fid bid
           2.4577500000000001e+01   1.9125000000000000e+01   7.8740000000000054e-01 #xyz ev0
           2.4577500000000001e+01   1.8875000000000000e+01   7.8740000000000054e-01 -1 34 #xyz ev1 fid bid
   0   0.000000000000e+00   0.000000000000e+00   0.000000000000e+00 #flag location
END_ERR 
G3dErrFileVersion 2018P3.1
FlagFileMetaData Begin
   Mesh Size - Setup1, Refinement, Pass #5, Freq. 3.600000e+09 :Title    
   Listing of mesh elements with small segments. :ToolTip  
   hf3d :Author   
   1701785776 :TimeStamp
FlagFileMetaData End
BEGIN_ERR 
26 Small mesh segment detected on body : Airbox
 Small mesh segment detected on body : Airbox 
 Segment Statistics - Number of Segments : 1 --- Segment length(s) : 0.250000mm. The cutoff frequency for S-Matrix Only Solve is 7.88927521052632MHz 
2 -1  7  # nfids, fids[]
2 34  -1  # nbids, bids[]
      7 2 1 0 #ntets ntri ned npts
           2.4577500000000001e+01   1.8875000000000000e+01   7.8740000000000054e-01 #xyz tv0
           2.8471811755952380e+01   1.8547619047619047e+01   7.6199999999999992e+00 #xyz tv1
           1.8999999999999996e+01   1.9000000000000000e+01   4.2037000000000004e+00 #xyz tv2
           2.4577500000000001e+01   1.9125000000000000e+01   7.8740000000000054e-01 -1 34 #xyz tv3 fid bid
           2.8471811755952380e+01   1.8547619047619047e+01   7.6199999999999992e+00 #xyz tv0
           2.4577500000000001e+01   1.9125000000000000e+01   7.8740000000000054e-01 #xyz tv1
           2.4577500000000001e+01   1.8875000000000000e+01   7.8740000000000054e-01 #xyz tv2
           2.6357500000000002e+01   2.0905000000000001e+01   7.8740000000000054e-01 -1 34 #xyz tv3 fid bid
           2.4577500000000001e+01   1.9125000000000000e+01   7.8740000000000054e-01 #xyz tv0
           2.4577500000000001e+01   1.8875000000000000e+01   7.8740000000000054e-01 #xyz tv1
           1.5202499999999999e+01   1.8875000000000000e+01   7.8740000000000054e-01 #xyz tv2
           1.8999999999999996e+01   1.9000000000000000e+01   4.2037000000000004e+00 -1 34 #xyz tv3 fid bid
           2.4577500000000001e+01   1.9125000000000000e+01   7.8740000000000054e-01 #xyz tv0
           2.6357500000000002e+01   2.0905000000000001e+01   7.8740000000000054e-01 #xyz tv1
           2.7238112018510872e+01   1.8727201821384668e+01   0.0000000000000000e+00 #xyz tv2
           2.4577500000000001e+01   1.8875000000000000e+01   7.8740000000000054e-01 -1 34 #xyz tv3 fid bid
           2.4577500000000001e+01   1.9125000000000000e+01   7.8740000000000054e-01 #xyz tv0
           1.5202499999999999e+01   1.8875000000000000e+01   7.8740000000000054e-01 #xyz tv1
           2.4577500000000001e+01   1.8875000000000000e+01   7.8740000000000054e-01 #xyz tv2
           1.8999999999999996e+01   1.8999999999999996e+01   3.9370000000000027e-01 -1 34 #xyz tv3 fid bid
           2.4577500000000001e+01   1.9125000000000000e+01   7.8740000000000054e-01 #xyz tv0
           2.4577500000000001e+01   1.8875000000000000e+01   7.8740000000000054e-01 #xyz tv1
           2.7238112018510872e+01   1.8727201821384668e+01   0.0000000000000000e+00 #xyz tv2
           1.9306352796437952e+01   1.9248708115173134e+01   0.0000000000000000e+00 -1 34 #xyz tv3 fid bid
           2.4577500000000001e+01   1.9125000000000000e+01   7.8740000000000054e-01 #xyz tv0
           2.4577500000000001e+01   1.8875000000000000e+01   7.8740000000000054e-01 #xyz tv1
           1.9306352796437952e+01   1.9248708115173134e+01   0.0000000000000000e+00 #xyz tv2
           1.8999999999999996e+01   1.8999999999999996e+01   3.9370000000000027e-01 -1 34 #xyz tv3 fid bid
           2.4577500000000001e+01   1.9125000000000000e+01   7.8740000000000054e-01 #xyz tv0
           2.4577500000000001e+01   1.8875000000000000e+01   7.8740000000000054e-01 #xyz tv1
           2.6357500000000002e+01   2.0905000000000001e+01   7.8740000000000054e-01 7 -1 #xyz tv2 fid bid
           2.4577500000000001e+01   1.8875000000000000e+01   7.8740000000000054e-01 #xyz tv0
           2.4577500000000001e+01   1.9125000000000000e+01   7.8740000000000054e-01 #xyz tv1
           1.5202499999999999e+01   1.8875000000000000e+01   7.8740000000000054e-01 7 -1 #xyz tv2 fid bid
           2.4577500000000001e+01   1.9125000000000000e+01   7.8740000000000054e-01 #xyz ev0
           2.4577500000000001e+01   1.8875000000000000e+01   7.8740000000000054e-01 -1 34 #xyz ev1 fid bid
   0   0.000000000000e+00   0.000000000000e+00   0.000000000000e+00 #flag location
END_ERR 
G3dErrFileVersion 2018P3.1
FlagFileMetaData Begin
   Mesh Size - Setup1, Refinement, Pass #6, Freq. 3.600000e+09 :Title    
   Listing of mesh elements with small segments. :ToolTip  
   hf3d :Author   
   1701785778 :TimeStamp
FlagFileMetaData End
BEGIN_ERR 
26 Small mesh segment detected on body : Airbox
 Small mesh segment detected on body : Airbox 
 Segment Statistics - Number of Segments : 1 --- Segment length(s) : 0.250000mm. The cutoff frequency for S-Matrix Only Solve is 7.88927521052632MHz 
2 -1  7  # nfids, fids[]
2 34  -1  # nbids, bids[]
      7 2 1 0 #ntets ntri ned npts
           2.4577500000000001e+01   1.8875000000000000e+01   7.8740000000000054e-01 #xyz tv0
           2.8471811755952380e+01   1.8547619047619047e+01   7.6199999999999992e+00 #xyz tv1
           1.8999999999999996e+01   1.9000000000000000e+01   4.2037000000000004e+00 #xyz tv2
           2.4577500000000001e+01   1.9125000000000000e+01   7.8740000000000054e-01 -1 34 #xyz tv3 fid bid
           2.8471811755952380e+01   1.8547619047619047e+01   7.6199999999999992e+00 #xyz tv0
           2.4577500000000001e+01   1.9125000000000000e+01   7.8740000000000054e-01 #xyz tv1
           2.4577500000000001e+01   1.8875000000000000e+01   7.8740000000000054e-01 #xyz tv2
           2.6357500000000002e+01   2.0905000000000001e+01   7.8740000000000054e-01 -1 34 #xyz tv3 fid bid
           2.4577500000000001e+01   1.9125000000000000e+01   7.8740000000000054e-01 #xyz tv0
           2.4577500000000001e+01   1.8875000000000000e+01   7.8740000000000054e-01 #xyz tv1
           1.5202499999999999e+01   1.8875000000000000e+01   7.8740000000000054e-01 #xyz tv2
           1.8999999999999996e+01   1.9000000000000000e+01   4.2037000000000004e+00 -1 34 #xyz tv3 fid bid
           2.4577500000000001e+01   1.9125000000000000e+01   7.8740000000000054e-01 #xyz tv0
           2.6357500000000002e+01   2.0905000000000001e+01   7.8740000000000054e-01 #xyz tv1
           2.7201362978404465e+01   1.8933382354961061e+01   0.0000000000000000e+00 #xyz tv2
           2.4577500000000001e+01   1.8875000000000000e+01   7.8740000000000054e-01 -1 34 #xyz tv3 fid bid
           2.4577500000000001e+01   1.9125000000000000e+01   7.8740000000000054e-01 #xyz tv0
           1.5202499999999999e+01   1.8875000000000000e+01   7.8740000000000054e-01 #xyz tv1
           2.4577500000000001e+01   1.8875000000000000e+01   7.8740000000000054e-01 #xyz tv2
           1.8999999999999996e+01   1.8999999999999996e+01   3.9370000000000027e-01 -1 34 #xyz tv3 fid bid
           2.4577500000000001e+01   1.9125000000000000e+01   7.8740000000000054e-01 #xyz tv0
           2.4577500000000001e+01   1.8875000000000000e+01   7.8740000000000054e-01 #xyz tv1
           2.7201362978404465e+01   1.8933382354961061e+01   0.0000000000000000e+00 #xyz tv2
           1.9306352796437952e+01   1.9248708115173134e+01   0.0000000000000000e+00 -1 34 #xyz tv3 fid bid
           2.4577500000000001e+01   1.9125000000000000e+01   7.8740000000000054e-01 #xyz tv0
           2.4577500000000001e+01   1.8875000000000000e+01   7.8740000000000054e-01 #xyz tv1
           1.9306352796437952e+01   1.9248708115173134e+01   0.0000000000000000e+00 #xyz tv2
           1.8999999999999996e+01   1.8999999999999996e+01   3.9370000000000027e-01 -1 34 #xyz tv3 fid bid
           2.4577500000000001e+01   1.9125000000000000e+01   7.8740000000000054e-01 #xyz tv0
           2.4577500000000001e+01   1.8875000000000000e+01   7.8740000000000054e-01 #xyz tv1
           2.6357500000000002e+01   2.0905000000000001e+01   7.8740000000000054e-01 7 -1 #xyz tv2 fid bid
           2.4577500000000001e+01   1.8875000000000000e+01   7.8740000000000054e-01 #xyz tv0
           2.4577500000000001e+01   1.9125000000000000e+01   7.8740000000000054e-01 #xyz tv1
           1.5202499999999999e+01   1.8875000000000000e+01   7.8740000000000054e-01 7 -1 #xyz tv2 fid bid
           2.4577500000000001e+01   1.9125000000000000e+01   7.8740000000000054e-01 #xyz ev0
           2.4577500000000001e+01   1.8875000000000000e+01   7.8740000000000054e-01 -1 34 #xyz ev1 fid bid
   0   0.000000000000e+00   0.000000000000e+00   0.000000000000e+00 #flag location
END_ERR 
G3dErrFileVersion 2018P3.1
FlagFileMetaData Begin
   Mesh Size - Setup1, Refinement, Pass #7, Freq. 3.600000e+09 :Title    
   Listing of mesh elements with small segments. :ToolTip  
   hf3d :Author   
   1701785780 :TimeStamp
FlagFileMetaData End
BEGIN_ERR 
26 Small mesh segment detected on body : Airbox
 Small mesh segment detected on body : Airbox 
 Segment Statistics - Number of Segments : 1 --- Segment length(s) : 0.250000mm. The cutoff frequency for S-Matrix Only Solve is 7.88927521052632MHz 
2 -1  7  # nfids, fids[]
2 34  -1  # nbids, bids[]
      7 2 1 0 #ntets ntri ned npts
           2.4577500000000001e+01   1.8875000000000000e+01   7.8740000000000054e-01 #xyz tv0
           2.8471811755952380e+01   1.8547619047619047e+01   7.6199999999999992e+00 #xyz tv1
           1.8999999999999996e+01   1.9000000000000000e+01   4.2037000000000004e+00 #xyz tv2
           2.4577500000000001e+01   1.9125000000000000e+01   7.8740000000000054e-01 -1 34 #xyz tv3 fid bid
           2.8471811755952380e+01   1.8547619047619047e+01   7.6199999999999992e+00 #xyz tv0
           2.4577500000000001e+01   1.9125000000000000e+01   7.8740000000000054e-01 #xyz tv1
           2.4577500000000001e+01   1.8875000000000000e+01   7.8740000000000054e-01 #xyz tv2
           2.6357500000000002e+01   2.0905000000000001e+01   7.8740000000000054e-01 -1 34 #xyz tv3 fid bid
           2.4577500000000001e+01   1.9125000000000000e+01   7.8740000000000054e-01 #xyz tv0
           2.4577500000000001e+01   1.8875000000000000e+01   7.8740000000000054e-01 #xyz tv1
           1.5202499999999999e+01   1.8875000000000000e+01   7.8740000000000054e-01 #xyz tv2
           1.8999999999999996e+01   1.9000000000000000e+01   4.2037000000000004e+00 -1 34 #xyz tv3 fid bid
           2.4577500000000001e+01   1.9125000000000000e+01   7.8740000000000054e-01 #xyz tv0
           2.6357500000000002e+01   2.0905000000000001e+01   7.8740000000000054e-01 #xyz tv1
           2.7201362978404465e+01   1.8933382354961061e+01   0.0000000000000000e+00 #xyz tv2
           2.4577500000000001e+01   1.8875000000000000e+01   7.8740000000000054e-01 -1 34 #xyz tv3 fid bid
           2.4577500000000001e+01   1.9125000000000000e+01   7.8740000000000054e-01 #xyz tv0
           1.5202499999999999e+01   1.8875000000000000e+01   7.8740000000000054e-01 #xyz tv1
           2.4577500000000001e+01   1.8875000000000000e+01   7.8740000000000054e-01 #xyz tv2
           1.8999999999999996e+01   1.8999999999999996e+01   3.9370000000000027e-01 -1 34 #xyz tv3 fid bid
           2.4577500000000001e+01   1.9125000000000000e+01   7.8740000000000054e-01 #xyz tv0
           2.4577500000000001e+01   1.8875000000000000e+01   7.8740000000000054e-01 #xyz tv1
           2.7201362978404465e+01   1.8933382354961061e+01   0.0000000000000000e+00 #xyz tv2
           1.9306352796437952e+01   1.9248708115173134e+01   0.0000000000000000e+00 -1 34 #xyz tv3 fid bid
           2.4577500000000001e+01   1.9125000000000000e+01   7.8740000000000054e-01 #xyz tv0
           2.4577500000000001e+01   1.8875000000000000e+01   7.8740000000000054e-01 #xyz tv1
           1.9306352796437952e+01   1.9248708115173134e+01   0.0000000000000000e+00 #xyz tv2
           1.8999999999999996e+01   1.8999999999999996e+01   3.9370000000000027e-01 -1 34 #xyz tv3 fid bid
           2.4577500000000001e+01   1.9125000000000000e+01   7.8740000000000054e-01 #xyz tv0
           2.4577500000000001e+01   1.8875000000000000e+01   7.8740000000000054e-01 #xyz tv1
           2.6357500000000002e+01   2.0905000000000001e+01   7.8740000000000054e-01 7 -1 #xyz tv2 fid bid
           2.4577500000000001e+01   1.8875000000000000e+01   7.8740000000000054e-01 #xyz tv0
           2.4577500000000001e+01   1.9125000000000000e+01   7.8740000000000054e-01 #xyz tv1
           1.5202499999999999e+01   1.8875000000000000e+01   7.8740000000000054e-01 7 -1 #xyz tv2 fid bid
           2.4577500000000001e+01   1.9125000000000000e+01   7.8740000000000054e-01 #xyz ev0
           2.4577500000000001e+01   1.8875000000000000e+01   7.8740000000000054e-01 -1 34 #xyz ev1 fid bid
   0   0.000000000000e+00   0.000000000000e+00   0.000000000000e+00 #flag location
END_ERR 
G3dErrFileVersion 2018P3.1
FlagFileMetaData Begin
   Mesh Size - Setup1, Refinement, Pass #8, Freq. 3.600000e+09 :Title    
   Listing of mesh elements with small segments. :ToolTip  
   hf3d :Author   
   1701785783 :TimeStamp
FlagFileMetaData End
BEGIN_ERR 
26 Small mesh segment detected on body : Substrate
 Small mesh segment detected on body : Substrate 
 Segment Statistics - Number of Segments : 1 --- Segment length(s) : 0.236206mm. The cutoff frequency for S-Matrix Only Solve is 7.88927521052632MHz 
1 -1  # nfids, fids[]
1 6  # nbids, bids[]
      6 0 1 0 #ntets ntri ned npts
           1.5675854628315362e+01   1.0809360809055478e+01   5.9792121432759515e-01 #xyz tv0
           1.5425035318723982e+01   1.0604964374598236e+01   7.8740000000000054e-01 #xyz tv1
           1.5629749362841016e+01   1.0942648479731622e+01   7.8740000000000054e-01 #xyz tv2
           1.5702500000000001e+01   1.0475000000000000e+01   7.8740000000000054e-01 -1 6 #xyz tv3 fid bid
           1.5675854628315362e+01   1.0809360809055478e+01   5.9792121432759515e-01 #xyz tv0
           1.5629749362841016e+01   1.0942648479731622e+01   7.8740000000000054e-01 #xyz tv1
           1.5425035318723982e+01   1.0604964374598236e+01   7.8740000000000054e-01 #xyz tv2
           1.5359993420453989e+01   1.0815492924362717e+01   5.5271698902980715e-01 -1 6 #xyz tv3 fid bid
           1.5629749362841016e+01   1.0942648479731622e+01   7.8740000000000054e-01 #xyz tv0
           1.6147500000000004e+01   1.0475000000000000e+01   7.8740000000000054e-01 #xyz tv1
           1.5675854628315362e+01   1.0809360809055478e+01   5.9792121432759515e-01 #xyz tv2
           1.5702500000000001e+01   1.0475000000000000e+01   7.8740000000000054e-01 -1 6 #xyz tv3 fid bid
           1.5675854628315362e+01   1.0809360809055478e+01   5.9792121432759515e-01 #xyz tv0
           1.5629749362841016e+01   1.0942648479731622e+01   7.8740000000000054e-01 #xyz tv1
           1.5359993420453989e+01   1.0815492924362717e+01   5.5271698902980715e-01 #xyz tv2
           1.5649209256630717e+01   1.1143721618110952e+01   4.0844242865518976e-01 -1 6 #xyz tv3 fid bid
           1.5629749362841016e+01   1.0942648479731622e+01   7.8740000000000054e-01 #xyz tv0
           1.5675854628315362e+01   1.0809360809055478e+01   5.9792121432759515e-01 #xyz tv1
           1.6147500000000004e+01   1.0475000000000000e+01   7.8740000000000054e-01 #xyz tv2
           1.6213374999999999e+01   1.1075000000000003e+01   7.8740000000000054e-01 -1 6 #xyz tv3 fid bid
           1.5675854628315362e+01   1.0809360809055478e+01   5.9792121432759515e-01 #xyz tv0
           1.6213374999999999e+01   1.1075000000000003e+01   7.8740000000000054e-01 #xyz tv1
           1.5629749362841016e+01   1.0942648479731622e+01   7.8740000000000054e-01 #xyz tv2
           1.5649209256630717e+01   1.1143721618110952e+01   4.0844242865518976e-01 -1 6 #xyz tv3 fid bid
           1.5675854628315362e+01   1.0809360809055478e+01   5.9792121432759515e-01 #xyz ev0
           1.5629749362841016e+01   1.0942648479731622e+01   7.8740000000000054e-01 -1 6 #xyz ev1 fid bid
   0   0.000000000000e+00   0.000000000000e+00   0.000000000000e+00 #flag location
END_ERR 
G3dErrFileVersion 2018P3.1
FlagFileMetaData Begin
   Mesh Size - Setup1, Refinement, Pass #9, Freq. 3.600000e+09 :Title    
   Listing of mesh elements with small segments. :ToolTip  
   hf3d :Author   
   1701785785 :TimeStamp
FlagFileMetaData End
BEGIN_ERR 
26 Small mesh segment detected on body : Substrate
 Small mesh segment detected on body : Substrate 
 Segment Statistics - Number of Segments : 1 --- Segment length(s) : 0.168873mm. The cutoff frequency for S-Matrix Only Solve is 7.88927521052632MHz 
1 -1  # nfids, fids[]
1 6  # nbids, bids[]
      5 0 1 0 #ntets ntri ned npts
           1.7750488472527582e+01   1.0291944300562957e+01   7.8740000000000054e-01 #xyz tv0
           1.7777990165130685e+01   1.0635056460460106e+01   6.4063994124607770e-01 #xyz tv1
           1.7718785880365310e+01   1.0693999905763700e+01   7.8740000000000054e-01 #xyz tv2
           1.7482500000000002e+01   1.0475000000000000e+01   7.8740000000000054e-01 -1 6 #xyz tv3 fid bid
           1.7718785880365310e+01   1.0693999905763700e+01   7.8740000000000054e-01 #xyz tv0
           1.7777990165130685e+01   1.0635056460460106e+01   6.4063994124607770e-01 #xyz tv1
           1.7519875890464014e+01   1.0797098999761630e+01   5.8056461195257802e-01 #xyz tv2
           1.7482500000000002e+01   1.0475000000000000e+01   7.8740000000000054e-01 -1 6 #xyz tv3 fid bid
           1.7750488472527582e+01   1.0291944300562957e+01   7.8740000000000054e-01 #xyz tv0
           1.7718785880365310e+01   1.0693999905763700e+01   7.8740000000000054e-01 #xyz tv1
           1.7777990165130685e+01   1.0635056460460106e+01   6.4063994124607770e-01 #xyz tv2
           1.7992578502050545e+01   1.0523603354107829e+01   7.8740000000000054e-01 -1 6 #xyz tv3 fid bid
           1.7718785880365310e+01   1.0693999905763700e+01   7.8740000000000054e-01 #xyz tv0
           1.7519875890464014e+01   1.0797098999761630e+01   5.8056461195257802e-01 #xyz tv1
           1.7777990165130685e+01   1.0635056460460106e+01   6.4063994124607770e-01 #xyz tv2
           1.7947576433619027e+01   1.0963376597419355e+01   7.8740000000000054e-01 -1 6 #xyz tv3 fid bid
           1.7718785880365310e+01   1.0693999905763700e+01   7.8740000000000054e-01 #xyz tv0
           1.7777990165130685e+01   1.0635056460460106e+01   6.4063994124607770e-01 #xyz tv1
           1.7992578502050545e+01   1.0523603354107829e+01   7.8740000000000054e-01 #xyz tv2
           1.7947576433619027e+01   1.0963376597419355e+01   7.8740000000000054e-01 -1 6 #xyz tv3 fid bid
           1.7718785880365310e+01   1.0693999905763700e+01   7.8740000000000054e-01 #xyz ev0
           1.7777990165130685e+01   1.0635056460460106e+01   6.4063994124607770e-01 -1 6 #xyz ev1 fid bid
   0   0.000000000000e+00   0.000000000000e+00   0.000000000000e+00 #flag location
END_ERR 
G3dErrFileVersion 2018P3.1
FlagFileMetaData Begin
   Mesh Size - Setup1, Refinement, Pass #10, Freq. 3.600000e+09 :Title    
   Listing of mesh elements with small segments. :ToolTip  
   hf3d :Author   
   1701785788 :TimeStamp
FlagFileMetaData End
BEGIN_ERR 
26 Small mesh segment detected on body : Substrate
 Small mesh segment detected on body : Substrate 
 Segment Statistics - Number of Segments : 1 --- Segment length(s) : 0.120543mm. The cutoff frequency for S-Matrix Only Solve is 7.88927521052632MHz 
1 -1  # nfids, fids[]
1 6  # nbids, bids[]
      5 0 1 0 #ntets ntri ned npts
           1.7503203393355442e+01   1.0633752944059644e+01   6.5856317807912890e-01 #xyz tv0
           1.7732302525546341e+01   1.0632651728639768e+01   6.4206191566023885e-01 #xyz tv1
           1.7547244383301940e+01   1.0551751510340218e+01   5.8196766274114964e-01 #xyz tv2
           1.7482500000000002e+01   1.0475000000000000e+01   7.8740000000000054e-01 -1 6 #xyz tv3 fid bid
           1.7547244383301940e+01   1.0551751510340218e+01   5.8196766274114964e-01 #xyz tv0
           1.7362450085231167e+01   1.0439991554791812e+01   4.6506431588878561e-01 #xyz tv1
           1.7503203393355442e+01   1.0633752944059644e+01   6.5856317807912890e-01 #xyz tv2
           1.7482500000000002e+01   1.0475000000000000e+01   7.8740000000000054e-01 -1 6 #xyz tv3 fid bid
           1.7547244383301940e+01   1.0551751510340218e+01   5.8196766274114964e-01 #xyz tv0
           1.7503203393355442e+01   1.0633752944059644e+01   6.5856317807912890e-01 #xyz tv1
           1.7362450085231167e+01   1.0439991554791812e+01   4.6506431588878561e-01 #xyz tv2
           1.7343527396375990e+01   1.0709130465994200e+01   4.3065773875423113e-01 -1 6 #xyz tv3 fid bid
           1.7503203393355442e+01   1.0633752944059644e+01   6.5856317807912890e-01 #xyz tv0
           1.7547244383301940e+01   1.0551751510340218e+01   5.8196766274114964e-01 #xyz tv1
           1.7732302525546341e+01   1.0632651728639768e+01   6.4206191566023885e-01 #xyz tv2
           1.7545681890277500e+01   1.0808874700256764e+01   5.6835251008497689e-01 -1 6 #xyz tv3 fid bid
           1.7503203393355442e+01   1.0633752944059644e+01   6.5856317807912890e-01 #xyz tv0
           1.7343527396375990e+01   1.0709130465994200e+01   4.3065773875423113e-01 #xyz tv1
           1.7547244383301940e+01   1.0551751510340218e+01   5.8196766274114964e-01 #xyz tv2
           1.7545681890277500e+01   1.0808874700256764e+01   5.6835251008497689e-01 -1 6 #xyz tv3 fid bid
           1.7547244383301940e+01   1.0551751510340218e+01   5.8196766274114964e-01 #xyz ev0
           1.7503203393355442e+01   1.0633752944059644e+01   6.5856317807912890e-01 -1 6 #xyz ev1 fid bid
   0   0.000000000000e+00   0.000000000000e+00   0.000000000000e+00 #flag location
END_ERR 
G3dErrFileVersion 2018P3.1
FlagFileMetaData Begin
   Mesh Size - Setup1, Refinement, Pass #11, Freq. 3.600000e+09 :Title    
   Listing of mesh elements with small segments. :ToolTip  
   hf3d :Author   
   1701785791 :TimeStamp
FlagFileMetaData End
BEGIN_ERR 
26 Small mesh segment detected on body : Substrate
 Small mesh segment detected on body : Substrate 
 Segment Statistics - Number of Segments : 1 --- Segment length(s) : 0.108531mm. The cutoff frequency for S-Matrix Only Solve is 7.88927521052632MHz 
1 -1  # nfids, fids[]
1 6  # nbids, bids[]
      5 0 1 0 #ntets ntri ned npts
           1.5681799181059212e+01   1.0519729033036615e+01   6.2462261568982236e-01 #xyz tv0
           1.5702500000000001e+01   1.0475000000000000e+01   7.8740000000000054e-01 #xyz tv1
           1.5718033358984362e+01   1.0588781927003485e+01   7.0010590736573963e-01 #xyz tv2
           1.5851209490898723e+01   1.0460356668648696e+01   6.1104164953814455e-01 -1 6 #xyz tv3 fid bid
           1.5574828189447535e+01   1.0539011339614840e+01   7.8740000000000054e-01 #xyz tv0
           1.5718033358984362e+01   1.0588781927003485e+01   7.0010590736573963e-01 #xyz tv1
