k_j = 1.380649e-23;
k_ev = 	8.6173e-5;
e_0cm = 8.854187817e-14; % C²/(N * cm^1)
e_0 = 8.854187817e-12; % C²/(N * m^1)
e_r = 11.8;
q = 1.602176634e-19; % C
e_cm = e_0cm*e_r;
VT = k_j*300/q;