G3dErrFileVersion 2018P3.1
FlagFileMetaData Begin
   Mesh Size - Setup1, Refinement, Pass #1, Freq. 5.500000e+08 :Title    
   Listing of mesh elements with small segments. :ToolTip  
   hf3d :Author   
   1710107430 :TimeStamp
FlagFileMetaData End
BEGIN_ERR 
26 Small mesh segment detected on body : RadiatingSurface
 Small mesh segment detected on body : RadiatingSurface 
 Segment Statistics - Number of Segments : 1 --- Segment length(s) : 0.001295inches. The cutoff frequency for S-Matrix Only Solve is 485.386670479931kHz 
2 -1  29  # nfids, fids[]
2 228  -1  # nbids, bids[]
      4 2 1 0 #ntets ntri ned npts
          -1.4041513681838111e-01  -3.4224303036359022e-01   1.3973821117151461e-01 #xyz tv0
          -1.4159287000000001e-01  -3.4183543000000000e-01   1.3938606573767365e-01 #xyz tv1
          -1.6646728999999999e-01  -4.0188759999999996e-01   9.6274969765623455e-02 #xyz tv2
          -1.4096187121057316e-01  -3.4205381166743493e-01   7.4868097003678719e-02 -1 228 #xyz tv3 fid bid
          -1.6646728999999999e-01  -4.0188759999999996e-01   9.6274969765623455e-02 #xyz tv0
          -1.4159287000000001e-01  -3.4183543000000000e-01   1.3938606573767365e-01 #xyz tv1
          -1.4041513681838111e-01  -3.4224303036359022e-01   1.3973821117151461e-01 #xyz tv2
          -1.4159287000000001e-01  -3.4183543000000000e-01   1.7638106628177452e-01 -1 228 #xyz tv3 fid bid
          -1.4159287000000001e-01  -3.4183543000000000e-01   1.3938606573767365e-01 #xyz tv0
          -1.4041513681838111e-01  -3.4224303036359022e-01   1.3973821117151461e-01 #xyz tv1
          -1.1863186000000001e-01  -2.8640265999999998e-01   0.0000000000000000e+00 #xyz tv2
          -1.4096187121057316e-01  -3.4205381166743493e-01   7.4868097003678719e-02 -1 228 #xyz tv3 fid bid
          -1.1863186000000001e-01  -2.8640265999999998e-01   0.0000000000000000e+00 #xyz tv0
          -1.4159287000000001e-01  -3.4183543000000000e-01   1.3938606573767365e-01 #xyz tv1
          -1.4159287000000001e-01  -3.4183543000000000e-01   1.7638106628177452e-01 #xyz tv2
          -1.4041513681838111e-01  -3.4224303036359022e-01   1.3973821117151461e-01 -1 228 #xyz tv3 fid bid
          -1.4041513681838111e-01  -3.4224303036359022e-01   1.3973821117151461e-01 #xyz tv0
          -1.4159287000000001e-01  -3.4183543000000000e-01   1.7638106628177452e-01 #xyz tv1
          -1.4159287000000001e-01  -3.4183543000000000e-01   1.3938606573767365e-01 29 -1 #xyz tv2 fid bid
          -1.4159287000000001e-01  -3.4183543000000000e-01   1.3938606573767365e-01 #xyz tv0
          -1.4096187121057316e-01  -3.4205381166743493e-01   7.4868097003678719e-02 #xyz tv1
          -1.4041513681838111e-01  -3.4224303036359022e-01   1.3973821117151461e-01 29 -1 #xyz tv2 fid bid
          -1.4159287000000001e-01  -3.4183543000000000e-01   1.3938606573767365e-01 #xyz ev0
          -1.4041513681838111e-01  -3.4224303036359022e-01   1.3973821117151461e-01 -1 228 #xyz ev1 fid bid
   0   0.000000000000e+00   0.000000000000e+00   0.000000000000e+00 #flag location
END_ERR 
BEGIN_ERR 
26 Small mesh segment detected on body : RadiatingSurface
 Small mesh segment detected on body : RadiatingSurface 
 Segment Statistics - Number of Segments : 1 --- Segment length(s) : 0.001578inches. The cutoff frequency for S-Matrix Only Solve is 485.386670479931kHz 
2 -1  35  # nfids, fids[]
2 228  -1  # nbids, bids[]
      4 2 1 0 #ntets ntri ned npts
           2.9241688907067603e-01  -8.8396283400248965e-02   4.9264209655649571e-01 #xyz tv0
           2.1920309999999998e-01  -2.1920309999999998e-01   5.0444342265902353e-01 #xyz tv1
           2.8640265999999998e-01  -1.1863186000000001e-01   5.0496582700797910e-01 #xyz tv2
           2.8640265999999998e-01  -1.1863186000000001e-01   5.0338831483554125e-01 -1 228 #xyz tv3 fid bid
           2.8640265999999998e-01  -1.1863186000000001e-01   5.0338831483554125e-01 #xyz tv0
           2.8640265999999998e-01  -1.1863186000000001e-01   5.0496582700797910e-01 #xyz tv1
           2.6162951000000001e-01  -2.6162951000000001e-01   5.2514600529389011e-01 #xyz tv2
           2.1920309999999998e-01  -2.1920309999999998e-01   5.0444342265902353e-01 -1 228 #xyz tv3 fid bid
           2.9241688907067603e-01  -8.8396283400248965e-02   4.9264209655649571e-01 #xyz tv0
           3.7000000000000000e-01   0.0000000000000000e+00   4.8010408738006982e-01 #xyz tv1
           2.8640265999999998e-01  -1.1863186000000001e-01   5.0338831483554125e-01 #xyz tv2
           2.8640265999999998e-01  -1.1863186000000001e-01   5.0496582700797910e-01 -1 228 #xyz tv3 fid bid
           2.8640265999999998e-01  -1.1863186000000001e-01   5.0338831483554125e-01 #xyz tv0
           2.6162951000000001e-01  -2.6162951000000001e-01   5.2514600529389011e-01 #xyz tv1
           2.8640265999999998e-01  -1.1863186000000001e-01   5.0496582700797910e-01 #xyz tv2
           3.7000000000000000e-01   0.0000000000000000e+00   4.8010408738006982e-01 -1 228 #xyz tv3 fid bid
           2.8640265999999998e-01  -1.1863186000000001e-01   5.0496582700797910e-01 #xyz tv0
           2.9241688907067603e-01  -8.8396283400248965e-02   4.9264209655649571e-01 #xyz tv1
           2.8640265999999998e-01  -1.1863186000000001e-01   5.0338831483554125e-01 35 -1 #xyz tv2 fid bid
           2.1920309999999998e-01  -2.1920309999999998e-01   5.0444342265902353e-01 #xyz tv0
           2.8640265999999998e-01  -1.1863186000000001e-01   5.0496582700797910e-01 #xyz tv1
           2.8640265999999998e-01  -1.1863186000000001e-01   5.0338831483554125e-01 35 -1 #xyz tv2 fid bid
           2.8640265999999998e-01  -1.1863186000000001e-01   5.0338831483554125e-01 #xyz ev0
           2.8640265999999998e-01  -1.1863186000000001e-01   5.0496582700797910e-01 -1 228 #xyz ev1 fid bid
   0   0.000000000000e+00   0.000000000000e+00   0.000000000000e+00 #flag location
END_ERR 
G3dErrFileVersion 2018P3.1
FlagFileMetaData Begin
   Mesh Size - Setup1, Refinement, Pass #2, Freq. 5.500000e+08 :Title    
   Listing of mesh elements with small segments. :ToolTip  
   hf3d :Author   
   1710107433 :TimeStamp
FlagFileMetaData End
BEGIN_ERR 
26 Small mesh segment detected on body : RadiatingSurface
 Small mesh segment detected on body : RadiatingSurface 
 Segment Statistics - Number of Segments : 1 --- Segment length(s) : 0.001295inches. The cutoff frequency for S-Matrix Only Solve is 485.386670479931kHz 
2 -1  29  # nfids, fids[]
2 228  -1  # nbids, bids[]
      4 2 1 0 #ntets ntri ned npts
          -1.4041513681838111e-01  -3.4224303036359022e-01   1.3973821117151461e-01 #xyz tv0
          -1.4159287000000001e-01  -3.4183543000000000e-01   1.3938606573767365e-01 #xyz tv1
          -1.6646728999999999e-01  -4.0188759999999996e-01   9.6274969765623455e-02 #xyz tv2
          -1.4096187121057316e-01  -3.4205381166743493e-01   7.4868097003678719e-02 -1 228 #xyz tv3 fid bid
          -1.6646728999999999e-01  -4.0188759999999996e-01   9.6274969765623455e-02 #xyz tv0
          -1.4159287000000001e-01  -3.4183543000000000e-01   1.3938606573767365e-01 #xyz tv1
          -1.4041513681838111e-01  -3.4224303036359022e-01   1.3973821117151461e-01 #xyz tv2
          -1.4159287000000001e-01  -3.4183543000000000e-01   1.7638106628177452e-01 -1 228 #xyz tv3 fid bid
          -1.4159287000000001e-01  -3.4183543000000000e-01   1.3938606573767365e-01 #xyz tv0
          -1.4041513681838111e-01  -3.4224303036359022e-01   1.3973821117151461e-01 #xyz tv1
          -1.1863186000000001e-01  -2.8640265999999998e-01   0.0000000000000000e+00 #xyz tv2
          -1.4096187121057316e-01  -3.4205381166743493e-01   7.4868097003678719e-02 -1 228 #xyz tv3 fid bid
          -1.1863186000000001e-01  -2.8640265999999998e-01   0.0000000000000000e+00 #xyz tv0
          -1.4159287000000001e-01  -3.4183543000000000e-01   1.3938606573767365e-01 #xyz tv1
          -1.4159287000000001e-01  -3.4183543000000000e-01   1.7638106628177452e-01 #xyz tv2
          -1.4041513681838111e-01  -3.4224303036359022e-01   1.3973821117151461e-01 -1 228 #xyz tv3 fid bid
          -1.4041513681838111e-01  -3.4224303036359022e-01   1.3973821117151461e-01 #xyz tv0
          -1.4159287000000001e-01  -3.4183543000000000e-01   1.7638106628177452e-01 #xyz tv1
          -1.4159287000000001e-01  -3.4183543000000000e-01   1.3938606573767365e-01 29 -1 #xyz tv2 fid bid
          -1.4159287000000001e-01  -3.4183543000000000e-01   1.3938606573767365e-01 #xyz tv0
          -1.4096187121057316e-01  -3.4205381166743493e-01   7.4868097003678719e-02 #xyz tv1
          -1.4041513681838111e-01  -3.4224303036359022e-01   1.3973821117151461e-01 29 -1 #xyz tv2 fid bid
          -1.4159287000000001e-01  -3.4183543000000000e-01   1.3938606573767365e-01 #xyz ev0
          -1.4041513681838111e-01  -3.4224303036359022e-01   1.3973821117151461e-01 -1 228 #xyz ev1 fid bid
   0   0.000000000000e+00   0.000000000000e+00   0.000000000000e+00 #flag location
END_ERR 
BEGIN_ERR 
26 Small mesh segment detected on body : RadiatingSurface
 Small mesh segment detected on body : RadiatingSurface 
 Segment Statistics - Number of Segments : 1 --- Segment length(s) : 0.001578inches. The cutoff frequency for S-Matrix Only Solve is 485.386670479931kHz 
2 -1  35  # nfids, fids[]
2 228  -1  # nbids, bids[]
      5 2 1 0 #ntets ntri ned npts
           2.8640265999999998e-01  -1.1863186000000001e-01   5.0338831483554125e-01 #xyz tv0
           2.8640265999999998e-01  -1.1863186000000001e-01   5.0496582700797910e-01 #xyz tv1
           2.0612815712696383e-01  -8.0990492802883368e-02   4.1738499958911679e-01 #xyz tv2
           2.9241688907067603e-01  -8.8396283400248965e-02   4.9264209655649571e-01 -1 228 #xyz tv3 fid bid
           2.8640265999999998e-01  -1.1863186000000001e-01   5.0338831483554125e-01 #xyz tv0
           2.0612815712696383e-01  -8.0990492802883368e-02   4.1738499958911679e-01 #xyz tv1
           2.8640265999999998e-01  -1.1863186000000001e-01   5.0496582700797910e-01 #xyz tv2
           2.1920309999999998e-01  -2.1920309999999998e-01   5.0444342265902353e-01 -1 228 #xyz tv3 fid bid
           2.9241688907067603e-01  -8.8396283400248965e-02   4.9264209655649571e-01 #xyz tv0
           3.7000000000000000e-01   0.0000000000000000e+00   4.8010408738006982e-01 #xyz tv1
           2.8640265999999998e-01  -1.1863186000000001e-01   5.0338831483554125e-01 #xyz tv2
           2.8640265999999998e-01  -1.1863186000000001e-01   5.0496582700797910e-01 -1 228 #xyz tv3 fid bid
           2.8640265999999998e-01  -1.1863186000000001e-01   5.0338831483554125e-01 #xyz tv0
           2.8640265999999998e-01  -1.1863186000000001e-01   5.0496582700797910e-01 #xyz tv1
           2.6162951000000001e-01  -2.6162951000000001e-01   5.2514600529389011e-01 #xyz tv2
           2.1920309999999998e-01  -2.1920309999999998e-01   5.0444342265902353e-01 -1 228 #xyz tv3 fid bid
           2.8640265999999998e-01  -1.1863186000000001e-01   5.0338831483554125e-01 #xyz tv0
           2.6162951000000001e-01  -2.6162951000000001e-01   5.2514600529389011e-01 #xyz tv1
           2.8640265999999998e-01  -1.1863186000000001e-01   5.0496582700797910e-01 #xyz tv2
           3.7000000000000000e-01   0.0000000000000000e+00   4.8010408738006982e-01 -1 228 #xyz tv3 fid bid
           2.8640265999999998e-01  -1.1863186000000001e-01   5.0496582700797910e-01 #xyz tv0
           2.9241688907067603e-01  -8.8396283400248965e-02   4.9264209655649571e-01 #xyz tv1
           2.8640265999999998e-01  -1.1863186000000001e-01   5.0338831483554125e-01 35 -1 #xyz tv2 fid bid
           2.1920309999999998e-01  -2.1920309999999998e-01   5.0444342265902353e-01 #xyz tv0
           2.8640265999999998e-01  -1.1863186000000001e-01   5.0496582700797910e-01 #xyz tv1
           2.8640265999999998e-01  -1.1863186000000001e-01   5.0338831483554125e-01 35 -1 #xyz tv2 fid bid
           2.8640265999999998e-01  -1.1863186000000001e-01   5.0338831483554125e-01 #xyz ev0
           2.8640265999999998e-01  -1.1863186000000001e-01   5.0496582700797910e-01 -1 228 #xyz ev1 fid bid
   0   0.000000000000e+00   0.000000000000e+00   0.000000000000e+00 #flag location
END_ERR 
G3dErrFileVersion 2018P3.1
FlagFileMetaData Begin
   Mesh Size - Setup1, Refinement, Pass #3, Freq. 5.500000e+08 :Title    
   Listing of mesh elements with small segments. :ToolTip  
   hf3d :Author   
   1710107435 :TimeStamp
FlagFileMetaData End
BEGIN_ERR 
26 Small mesh segment detected on body : RadiatingSurface
 Small mesh segment detected on body : RadiatingSurface 
 Segment Statistics - Number of Segments : 1 --- Segment length(s) : 0.001295inches. The cutoff frequency for S-Matrix Only Solve is 485.386670479931kHz 
2 -1  29  # nfids, fids[]
2 228  -1  # nbids, bids[]
      4 2 1 0 #ntets ntri ned npts
          -1.4041513681838111e-01  -3.4224303036359022e-01   1.3973821117151461e-01 #xyz tv0
          -1.4159287000000001e-01  -3.4183543000000000e-01   1.3938606573767365e-01 #xyz tv1
          -1.6646728999999999e-01  -4.0188759999999996e-01   9.6274969765623455e-02 #xyz tv2
          -1.4096187121057316e-01  -3.4205381166743493e-01   7.4868097003678719e-02 -1 228 #xyz tv3 fid bid
          -1.6646728999999999e-01  -4.0188759999999996e-01   9.6274969765623455e-02 #xyz tv0
          -1.4159287000000001e-01  -3.4183543000000000e-01   1.3938606573767365e-01 #xyz tv1
          -1.4041513681838111e-01  -3.4224303036359022e-01   1.3973821117151461e-01 #xyz tv2
          -1.4159287000000001e-01  -3.4183543000000000e-01   1.7638106628177452e-01 -1 228 #xyz tv3 fid bid
          -1.4159287000000001e-01  -3.4183543000000000e-01   1.3938606573767365e-01 #xyz tv0
          -1.4041513681838111e-01  -3.4224303036359022e-01   1.3973821117151461e-01 #xyz tv1
          -1.1863186000000001e-01  -2.8640265999999998e-01   0.0000000000000000e+00 #xyz tv2
          -1.4096187121057316e-01  -3.4205381166743493e-01   7.4868097003678719e-02 -1 228 #xyz tv3 fid bid
          -1.1863186000000001e-01  -2.8640265999999998e-01   0.0000000000000000e+00 #xyz tv0
          -1.4159287000000001e-01  -3.4183543000000000e-01   1.3938606573767365e-01 #xyz tv1
          -1.4159287000000001e-01  -3.4183543000000000e-01   1.7638106628177452e-01 #xyz tv2
          -1.4041513681838111e-01  -3.4224303036359022e-01   1.3973821117151461e-01 -1 228 #xyz tv3 fid bid
          -1.4041513681838111e-01  -3.4224303036359022e-01   1.3973821117151461e-01 #xyz tv0
          -1.4159287000000001e-01  -3.4183543000000000e-01   1.7638106628177452e-01 #xyz tv1
          -1.4159287000000001e-01  -3.4183543000000000e-01   1.3938606573767365e-01 29 -1 #xyz tv2 fid bid
          -1.4159287000000001e-01  -3.4183543000000000e-01   1.3938606573767365e-01 #xyz tv0
          -1.4096187121057316e-01  -3.4205381166743493e-01   7.4868097003678719e-02 #xyz tv1
          -1.4041513681838111e-01  -3.4224303036359022e-01   1.3973821117151461e-01 29 -1 #xyz tv2 fid bid
          -1.4159287000000001e-01  -3.4183543000000000e-01   1.3938606573767365e-01 #xyz ev0
          -1.4041513681838111e-01  -3.4224303036359022e-01   1.3973821117151461e-01 -1 228 #xyz ev1 fid bid
   0   0.000000000000e+00   0.000000000000e+00   0.000000000000e+00 #flag location
END_ERR 
BEGIN_ERR 
26 Small mesh segment detected on body : RadiatingSurface
 Small mesh segment detected on body : RadiatingSurface 
 Segment Statistics - Number of Segments : 1 --- Segment length(s) : 0.001578inches. The cutoff frequency for S-Matrix Only Solve is 485.386670479931kHz 
2 -1  35  # nfids, fids[]
2 228  -1  # nbids, bids[]
      5 2 1 0 #ntets ntri ned npts
           2.8640265999999998e-01  -1.1863186000000001e-01   5.0338831483554125e-01 #xyz tv0
           2.8640265999999998e-01  -1.1863186000000001e-01   5.0496582700797910e-01 #xyz tv1
           1.9597633387800042e-01  -9.1898107955960665e-02   4.5917592483334790e-01 #xyz tv2
           2.9241688907067603e-01  -8.8396283400248965e-02   4.9264209655649571e-01 -1 228 #xyz tv3 fid bid
           2.8640265999999998e-01  -1.1863186000000001e-01   5.0338831483554125e-01 #xyz tv0
           1.9597633387800042e-01  -9.1898107955960665e-02   4.5917592483334790e-01 #xyz tv1
           2.8640265999999998e-01  -1.1863186000000001e-01   5.0496582700797910e-01 #xyz tv2
           2.1920309999999998e-01  -2.1920309999999998e-01   5.0444342265902353e-01 -1 228 #xyz tv3 fid bid
           2.9241688907067603e-01  -8.8396283400248965e-02   4.9264209655649571e-01 #xyz tv0
           3.7000000000000000e-01   0.0000000000000000e+00   4.8010408738006982e-01 #xyz tv1
           2.8640265999999998e-01  -1.1863186000000001e-01   5.0338831483554125e-01 #xyz tv2
           2.8640265999999998e-01  -1.1863186000000001e-01   5.0496582700797910e-01 -1 228 #xyz tv3 fid bid
           2.8640265999999998e-01  -1.1863186000000001e-01   5.0338831483554125e-01 #xyz tv0
           2.8640265999999998e-01  -1.1863186000000001e-01   5.0496582700797910e-01 #xyz tv1
           2.6162951000000001e-01  -2.6162951000000001e-01   5.2514600529389011e-01 #xyz tv2
           2.1920309999999998e-01  -2.1920309999999998e-01   5.0444342265902353e-01 -1 228 #xyz tv3 fid bid
           2.8640265999999998e-01  -1.1863186000000001e-01   5.0338831483554125e-01 #xyz tv0
           2.6162951000000001e-01  -2.6162951000000001e-01   5.2514600529389011e-01 #xyz tv1
           2.8640265999999998e-01  -1.1863186000000001e-01   5.0496582700797910e-01 #xyz tv2
           3.7000000000000000e-01   0.0000000000000000e+00   4.8010408738006982e-01 -1 228 #xyz tv3 fid bid
           2.8640265999999998e-01  -1.1863186000000001e-01   5.0496582700797910e-01 #xyz tv0
           2.9241688907067603e-01  -8.8396283400248965e-02   4.9264209655649571e-01 #xyz tv1
           2.8640265999999998e-01  -1.1863186000000001e-01   5.0338831483554125e-01 35 -1 #xyz tv2 fid bid
           2.1920309999999998e-01  -2.1920309999999998e-01   5.0444342265902353e-01 #xyz tv0
           2.8640265999999998e-01  -1.1863186000000001e-01   5.0496582700797910e-01 #xyz tv1
           2.8640265999999998e-01  -1.1863186000000001e-01   5.0338831483554125e-01 35 -1 #xyz tv2 fid bid
           2.8640265999999998e-01  -1.1863186000000001e-01   5.0338831483554125e-01 #xyz ev0
           2.8640265999999998e-01  -1.1863186000000001e-01   5.0496582700797910e-01 -1 228 #xyz ev1 fid bid
   0   0.000000000000e+00   0.000000000000e+00   0.000000000000e+00 #flag location
END_ERR 
G3dErrFileVersion 2018P3.1
FlagFileMetaData Begin
   Mesh Size - Setup1, Refinement, Pass #4, Freq. 5.500000e+08 :Title    
   Listing of mesh elements with small segments. :ToolTip  
   hf3d :Author   
   1710107441 :TimeStamp
FlagFileMetaData End
BEGIN_ERR 
26 Small mesh segment detected on body : RadiatingSurface
 Small mesh segment detected on body : RadiatingSurface 
 Segment Statistics - Number of Segments : 1 --- Segment length(s) : 0.001295inches. The cutoff frequency for S-Matrix Only Solve is 485.386670479931kHz 
2 -1  29  # nfids, fids[]
2 228  -1  # nbids, bids[]
      4 2 1 0 #ntets ntri ned npts
          -1.4041513681838111e-01  -3.4224303036359022e-01   1.3973821117151461e-01 #xyz tv0
          -1.4159287000000001e-01  -3.4183543000000000e-01   1.3938606573767365e-01 #xyz tv1
          -1.6646728999999999e-01  -4.0188759999999996e-01   9.6274969765623455e-02 #xyz tv2
          -1.4096187121057316e-01  -3.4205381166743493e-01   7.4868097003678719e-02 -1 228 #xyz tv3 fid bid
          -1.6646728999999999e-01  -4.0188759999999996e-01   9.6274969765623455e-02 #xyz tv0
          -1.4159287000000001e-01  -3.4183543000000000e-01   1.3938606573767365e-01 #xyz tv1
          -1.4041513681838111e-01  -3.4224303036359022e-01   1.3973821117151461e-01 #xyz tv2
          -1.4159287000000001e-01  -3.4183543000000000e-01   1.7638106628177452e-01 -1 228 #xyz tv3 fid bid
          -1.4159287000000001e-01  -3.4183543000000000e-01   1.3938606573767365e-01 #xyz tv0
          -1.4041513681838111e-01  -3.4224303036359022e-01   1.3973821117151461e-01 #xyz tv1
          -1.1863186000000001e-01  -2.8640265999999998e-01   0.0000000000000000e+00 #xyz tv2
          -1.4096187121057316e-01  -3.4205381166743493e-01   7.4868097003678719e-02 -1 228 #xyz tv3 fid bid
          -1.1863186000000001e-01  -2.8640265999999998e-01   0.0000000000000000e+00 #xyz tv0
          -1.4159287000000001e-01  -3.4183543000000000e-01   1.3938606573767365e-01 #xyz tv1
          -1.4159287000000001e-01  -3.4183543000000000e-01   1.7638106628177452e-01 #xyz tv2
          -1.4041513681838111e-01  -3.4224303036359022e-01   1.3973821117151461e-01 -1 228 #xyz tv3 fid bid
          -1.4041513681838111e-01  -3.4224303036359022e-01   1.3973821117151461e-01 #xyz tv0
          -1.4159287000000001e-01  -3.4183543000000000e-01   1.7638106628177452e-01 #xyz tv1
          -1.4159287000000001e-01  -3.4183543000000000e-01   1.3938606573767365e-01 29 -1 #xyz tv2 fid bid
          -1.4159287000000001e-01  -3.4183543000000000e-01   1.3938606573767365e-01 #xyz tv0
          -1.4096187121057316e-01  -3.4205381166743493e-01   7.4868097003678719e-02 #xyz tv1
          -1.4041513681838111e-01  -3.4224303036359022e-01   1.3973821117151461e-01 29 -1 #xyz tv2 fid bid
          -1.4159287000000001e-01  -3.4183543000000000e-01   1.3938606573767365e-01 #xyz ev0
          -1.4041513681838111e-01  -3.4224303036359022e-01   1.3973821117151461e-01 -1 228 #xyz ev1 fid bid
   0   0.000000000000e+00   0.000000000000e+00   0.000000000000e+00 #flag location
END_ERR 
BEGIN_ERR 
26 Small mesh segment detected on body : RadiatingSurface
 Small mesh segment detected on body : RadiatingSurface 
 Segment Statistics - Number of Segments : 1 --- Segment length(s) : 0.001578inches. The cutoff frequency for S-Matrix Only Solve is 485.386670479931kHz 
2 -1  35  # nfids, fids[]
2 228  -1  # nbids, bids[]
      5 2 1 0 #ntets ntri ned npts
           2.8640265999999998e-01  -1.1863186000000001e-01   5.0338831483554125e-01 #xyz tv0
           2.8640265999999998e-01  -1.1863186000000001e-01   5.0496582700797910e-01 #xyz tv1
           1.9351611706130928e-01  -9.2103696086538026e-02   4.7213500128342145e-01 #xyz tv2
           2.9241688907067603e-01  -8.8396283400248965e-02   4.9264209655649571e-01 -1 228 #xyz tv3 fid bid
           2.8640265999999998e-01  -1.1863186000000001e-01   5.0338831483554125e-01 #xyz tv0
           1.9351611706130928e-01  -9.2103696086538026e-02   4.7213500128342145e-01 #xyz tv1
           2.8640265999999998e-01  -1.1863186000000001e-01   5.0496582700797910e-01 #xyz tv2
           2.1920309999999998e-01  -2.1920309999999998e-01   5.0444342265902353e-01 -1 228 #xyz tv3 fid bid
           2.9241688907067603e-01  -8.8396283400248965e-02   4.9264209655649571e-01 #xyz tv0
           3.7000000000000000e-01   0.0000000000000000e+00   4.8010408738006982e-01 #xyz tv1
           2.8640265999999998e-01  -1.1863186000000001e-01   5.0338831483554125e-01 #xyz tv2
           2.8640265999999998e-01  -1.1863186000000001e-01   5.0496582700797910e-01 -1 228 #xyz tv3 fid bid
           2.8640265999999998e-01  -1.1863186000000001e-01   5.0338831483554125e-01 #xyz tv0
           2.8640265999999998e-01  -1.1863186000000001e-01   5.0496582700797910e-01 #xyz tv1
           2.6162951000000001e-01  -2.6162951000000001e-01   5.2514600529389011e-01 #xyz tv2
           2.1920309999999998e-01  -2.1920309999999998e-01   5.0444342265902353e-01 -1 228 #xyz tv3 fid bid
           2.8640265999999998e-01  -1.1863186000000001e-01   5.0338831483554125e-01 #xyz tv0
           2.6162951000000001e-01  -2.6162951000000001e-01   5.2514600529389011e-01 #xyz tv1
           2.8640265999999998e-01  -1.1863186000000001e-01   5.0496582700797910e-01 #xyz tv2
           3.7000000000000000e-01   0.0000000000000000e+00   4.8010408738006982e-01 -1 228 #xyz tv3 fid bid
           2.8640265999999998e-01  -1.1863186000000001e-01   5.0496582700797910e-01 #xyz tv0
           2.9241688907067603e-01  -8.8396283400248965e-02   4.9264209655649571e-01 #xyz tv1
           2.8640265999999998e-01  -1.1863186000000001e-01   5.0338831483554125e-01 35 -1 #xyz tv2 fid bid
           2.1920309999999998e-01  -2.1920309999999998e-01   5.0444342265902353e-01 #xyz tv0
           2.8640265999999998e-01  -1.1863186000000001e-01   5.0496582700797910e-01 #xyz tv1
           2.8640265999999998e-01  -1.1863186000000001e-01   5.0338831483554125e-01 35 -1 #xyz tv2 fid bid
           2.8640265999999998e-01  -1.1863186000000001e-01   5.0338831483554125e-01 #xyz ev0
           2.8640265999999998e-01  -1.1863186000000001e-01   5.0496582700797910e-01 -1 228 #xyz ev1 fid bid
   0   0.000000000000e+00   0.000000000000e+00   0.000000000000e+00 #flag location
END_ERR 
BEGIN_ERR 
26 Small mesh segment detected on body : RadiatingSurface
 Small mesh segment detected on body : RadiatingSurface 
 Segment Statistics - Number of Segments : 1 --- Segment length(s) : 0.002473inches. The cutoff frequency for S-Matrix Only Solve is 485.386670479931kHz 
2 -1  29  # nfids, fids[]
2 228  -1  # nbids, bids[]
      4 2 1 0 #ntets ntri ned npts
          -1.4008864488133965e-01  -3.4235602559402478e-01   1.7847652639956946e-01 #xyz tv0
          -1.6646728999999999e-01  -4.0188759999999996e-01   9.6274969765623455e-02 #xyz tv1
          -1.4159287000000001e-01  -3.4183543000000000e-01   2.7561835494767006e-01 #xyz tv2
          -1.3927240115073664e-01  -3.4263851847659327e-01   2.7532396228283307e-01 -1 228 #xyz tv3 fid bid
          -1.6646728999999999e-01  -4.0188759999999996e-01   9.6274969765623455e-02 #xyz tv0
          -1.3750987084656235e-01  -3.4324851062424833e-01   4.8444843604720861e-01 #xyz tv1
          -1.4159287000000001e-01  -3.4183543000000000e-01   2.7561835494767006e-01 #xyz tv2
          -1.3927240115073664e-01  -3.4263851847659327e-01   2.7532396228283307e-01 -1 228 #xyz tv3 fid bid
          -1.1863186000000001e-01  -2.8640265999999998e-01   0.0000000000000000e+00 #xyz tv0
          -1.4008864488133965e-01  -3.4235602559402478e-01   1.7847652639956946e-01 #xyz tv1
          -1.4159287000000001e-01  -3.4183543000000000e-01   2.7561835494767006e-01 #xyz tv2
          -1.3927240115073664e-01  -3.4263851847659327e-01   2.7532396228283307e-01 -1 228 #xyz tv3 fid bid
          -1.3750987084656235e-01  -3.4324851062424833e-01   4.8444843604720861e-01 #xyz tv0
          -1.1863186000000001e-01  -2.8640265999999998e-01   0.0000000000000000e+00 #xyz tv1
          -1.4159287000000001e-01  -3.4183543000000000e-01   2.7561835494767006e-01 #xyz tv2
          -1.3927240115073664e-01  -3.4263851847659327e-01   2.7532396228283307e-01 -1 228 #xyz tv3 fid bid
          -1.3750987084656235e-01  -3.4324851062424833e-01   4.8444843604720861e-01 #xyz tv0
          -1.4159287000000001e-01  -3.4183543000000000e-01   2.7561835494767006e-01 #xyz tv1
          -1.3927240115073664e-01  -3.4263851847659327e-01   2.7532396228283307e-01 29 -1 #xyz tv2 fid bid
          -1.4159287000000001e-01  -3.4183543000000000e-01   2.7561835494767006e-01 #xyz tv0
          -1.4008864488133965e-01  -3.4235602559402478e-01   1.7847652639956946e-01 #xyz tv1
          -1.3927240115073664e-01  -3.4263851847659327e-01   2.7532396228283307e-01 29 -1 #xyz tv2 fid bid
          -1.4159287000000001e-01  -3.4183543000000000e-01   2.7561835494767006e-01 #xyz ev0
          -1.3927240115073664e-01  -3.4263851847659327e-01   2.7532396228283307e-01 -1 228 #xyz ev1 fid bid
   0   0.000000000000e+00   0.000000000000e+00   0.000000000000e+00 #flag location
END_ERR 
G3dErrFileVersion 2018P3.1
FlagFileMetaData Begin
   Mesh Size - Setup1, Refinement, Pass #5, Freq. 5.500000e+08 :Title    
   Listing of mesh elements with small segments. :ToolTip  
   hf3d :Author   
   1710107446 :TimeStamp
FlagFileMetaData End
BEGIN_ERR 
26 Small mesh segment detected on body : RadiatingSurface
 Small mesh segment detected on body : RadiatingSurface 
 Segment Statistics - Number of Segments : 1 --- Segment length(s) : 0.001295inches. The cutoff frequency for S-Matrix Only Solve is 485.386670479931kHz 
2 -1  29  # nfids, fids[]
2 228  -1  # nbids, bids[]
      4 2 1 0 #ntets ntri ned npts
          -1.4041513681838111e-01  -3.4224303036359022e-01   1.3973821117151461e-01 #xyz tv0
          -1.4159287000000001e-01  -3.4183543000000000e-01   1.3938606573767365e-01 #xyz tv1
          -1.6646728999999999e-01  -4.0188759999999996e-01   9.6274969765623455e-02 #xyz tv2
          -1.4096187121057316e-01  -3.4205381166743493e-01   7.4868097003678719e-02 -1 228 #xyz tv3 fid bid
          -1.6646728999999999e-01  -4.0188759999999996e-01   9.6274969765623455e-02 #xyz tv0
          -1.4159287000000001e-01  -3.4183543000000000e-01   1.3938606573767365e-01 #xyz tv1
          -1.4041513681838111e-01  -3.4224303036359022e-01   1.3973821117151461e-01 #xyz tv2
          -1.4159287000000001e-01  -3.4183543000000000e-01   1.7638106628177452e-01 -1 228 #xyz tv3 fid bid
          -1.4159287000000001e-01  -3.4183543000000000e-01   1.3938606573767365e-01 #xyz tv0
          -1.4041513681838111e-01  -3.4224303036359022e-01   1.3973821117151461e-01 #xyz tv1
          -1.1863186000000001e-01  -2.8640265999999998e-01   0.0000000000000000e+00 #xyz tv2
          -1.4096187121057316e-01  -3.4205381166743493e-01   7.4868097003678719e-02 -1 228 #xyz tv3 fid bid
          -1.1863186000000001e-01  -2.8640265999999998e-01   0.0000000000000000e+00 #xyz tv0
          -1.4159287000000001e-01  -3.4183543000000000e-01   1.3938606573767365e-01 #xyz tv1
          -1.4159287000000001e-01  -3.4183543000000000e-01   1.7638106628177452e-01 #xyz tv2
          -1.4041513681838111e-01  -3.4224303036359022e-01   1.3973821117151461e-01 -1 228 #xyz tv3 fid bid
          -1.4041513681838111e-01  -3.4224303036359022e-01   1.3973821117151461e-01 #xyz tv0
          -1.4159287000000001e-01  -3.4183543000000000e-01   1.7638106628177452e-01 #xyz tv1
          -1.4159287000000001e-01  -3.4183543000000000e-01   1.3938606573767365e-01 29 -1 #xyz tv2 fid bid
          -1.4159287000000001e-01  -3.4183543000000000e-01   1.3938606573767365e-01 #xyz tv0
          -1.4096187121057316e-01  -3.4205381166743493e-01   7.4868097003678719e-02 #xyz tv1
          -1.4041513681838111e-01  -3.4224303036359022e-01   1.3973821117151461e-01 29 -1 #xyz tv2 fid bid
          -1.4159287000000001e-01  -3.4183543000000000e-01   1.3938606573767365e-01 #xyz ev0
          -1.4041513681838111e-01  -3.4224303036359022e-01   1.3973821117151461e-01 -1 228 #xyz ev1 fid bid
   0   0.000000000000e+00   0.000000000000e+00   0.000000000000e+00 #flag location
END_ERR 
BEGIN_ERR 
26 Small mesh segment detected on body : RadiatingSurface
 Small mesh segment detected on body : RadiatingSurface 
 Segment Statistics - Number of Segments : 1 --- Segment length(s) : 0.001578inches. The cutoff frequency for S-Matrix Only Solve is 485.386670479931kHz 
2 -1  35  # nfids, fids[]
2 228  -1  # nbids, bids[]
      5 2 1 0 #ntets ntri ned npts
           2.8640265999999998e-01  -1.1863186000000001e-01   5.0338831483554125e-01 #xyz tv0
           2.8640265999999998e-01  -1.1863186000000001e-01   5.0496582700797910e-01 #xyz tv1
           1.9630941669859506e-01  -9.6706646267961299e-02   4.8694469080436126e-01 #xyz tv2
           2.9241688907067603e-01  -8.8396283400248965e-02   4.9264209655649571e-01 -1 228 #xyz tv3 fid bid
           2.8640265999999998e-01  -1.1863186000000001e-01   5.0338831483554125e-01 #xyz tv0
           1.9630941669859506e-01  -9.6706646267961299e-02   4.8694469080436126e-01 #xyz tv1
           2.8640265999999998e-01  -1.1863186000000001e-01   5.0496582700797910e-01 #xyz tv2
           2.1920309999999998e-01  -2.1920309999999998e-01   5.0444342265902353e-01 -1 228 #xyz tv3 fid bid
           2.9241688907067603e-01  -8.8396283400248965e-02   4.9264209655649571e-01 #xyz tv0
           3.7000000000000000e-01   0.0000000000000000e+00   4.8010408738006982e-01 #xyz tv1
           2.8640265999999998e-01  -1.1863186000000001e-01   5.0338831483554125e-01 #xyz tv2
           2.8640265999999998e-01  -1.1863186000000001e-01   5.0496582700797910e-01 -1 228 #xyz tv3 fid bid
           2.8640265999999998e-01  -1.1863186000000001e-01   5.0338831483554125e-01 #xyz tv0
           2.8640265999999998e-01  -1.1863186000000001e-01   5.0496582700797910e-01 #xyz tv1
           2.6162951000000001e-01  -2.6162951000000001e-01   5.2514600529389011e-01 #xyz tv2
           2.1920309999999998e-01  -2.1920309999999998e-01   5.0444342265902353e-01 -1 228 #xyz tv3 fid bid
           2.8640265999999998e-01  -1.1863186000000001e-01   5.0338831483554125e-01 #xyz tv0
           2.6162951000000001e-01  -2.6162951000000001e-01   5.2514600529389011e-01 #xyz tv1
           2.8640265999999998e-01  -1.1863186000000001e-01   5.0496582700797910e-01 #xyz tv2
           3.7000000000000000e-01   0.0000000000000000e+00   4.8010408738006982e-01 -1 228 #xyz tv3 fid bid
           2.8640265999999998e-01  -1.1863186000000001e-01   5.0496582700797910e-01 #xyz tv0
           2.9241688907067603e-01  -8.8396283400248965e-02   4.9264209655649571e-01 #xyz tv1
           2.8640265999999998e-01  -1.1863186000000001e-01   5.0338831483554125e-01 35 -1 #xyz tv2 fid bid
           2.1920309999999998e-01  -2.1920309999999998e-01   5.0444342265902353e-01 #xyz tv0
           2.8640265999999998e-01  -1.1863186000000001e-01   5.0496582700797910e-01 #xyz tv1
           2.8640265999999998e-01  -1.1863186000000001e-01   5.0338831483554125e-01 35 -1 #xyz tv2 fid bid
           2.8640265999999998e-01  -1.1863186000000001e-01   5.0338831483554125e-01 #xyz ev0
           2.8640265999999998e-01  -1.1863186000000001e-01   5.0496582700797910e-01 -1 228 #xyz ev1 fid bid
   0   0.000000000000e+00   0.000000000000e+00   0.000000000000e+00 #flag location
END_ERR 
BEGIN_ERR 
26 Small mesh segment detected on body : RadiatingSurface
 Small mesh segment detected on body : RadiatingSurface 
 Segment Statistics - Number of Segments : 1 --- Segment length(s) : 0.002473inches. The cutoff frequency for S-Matrix Only Solve is 485.386670479931kHz 
2 -1  29  # nfids, fids[]
2 228  -1  # nbids, bids[]
      4 2 1 0 #ntets ntri ned npts
          -1.4008864488133965e-01  -3.4235602559402478e-01   1.7847652639956946e-01 #xyz tv0
          -1.6646728999999999e-01  -4.0188759999999996e-01   9.6274969765623455e-02 #xyz tv1
          -1.4159287000000001e-01  -3.4183543000000000e-01   2.7561835494767006e-01 #xyz tv2
          -1.3927240115073664e-01  -3.4263851847659327e-01   2.7532396228283307e-01 -1 228 #xyz tv3 fid bid
          -1.6646728999999999e-01  -4.0188759999999996e-01   9.6274969765623455e-02 #xyz tv0
          -1.3750987084656235e-01  -3.4324851062424833e-01   4.8444843604720861e-01 #xyz tv1
          -1.4159287000000001e-01  -3.4183543000000000e-01   2.7561835494767006e-01 #xyz tv2
          -1.3927240115073664e-01  -3.4263851847659327e-01   2.7532396228283307e-01 -1 228 #xyz tv3 fid bid
          -1.1863186000000001e-01  -2.8640265999999998e-01   0.0000000000000000e+00 #xyz tv0
          -1.4008864488133965e-01  -3.4235602559402478e-01   1.7847652639956946e-01 #xyz tv1
          -1.4159287000000001e-01  -3.4183543000000000e-01   2.7561835494767006e-01 #xyz tv2
          -1.3927240115073664e-01  -3.4263851847659327e-01   2.7532396228283307e-01 -1 228 #xyz tv3 fid bid
          -1.3750987084656235e-01  -3.4324851062424833e-01   4.8444843604720861e-01 #xyz tv0
          -1.1863186000000001e-01  -2.8640265999999998e-01   0.0000000000000000e+00 #xyz tv1
          -1.4159287000000001e-01  -3.4183543000000000e-01   2.7561835494767006e-01 #xyz tv2
          -1.3927240115073664e-01  -3.4263851847659327e-01   2.7532396228283307e-01 -1 228 #xyz tv3 fid bid
          -1.3750987084656235e-01  -3.4324851062424833e-01   4.8444843604720861e-01 #xyz tv0
          -1.4159287000000001e-01  -3.4183543000000000e-01   2.7561835494767006e-01 #xyz tv1
          -1.3927240115073664e-01  -3.4263851847659327e-01   2.7532396228283307e-01 29 -1 #xyz tv2 fid bid
          -1.4159287000000001e-01  -3.4183543000000000e-01   2.7561835494767006e-01 #xyz tv0
          -1.4008864488133965e-01  -3.4235602559402478e-01   1.7847652639956946e-01 #xyz tv1
          -1.3927240115073664e-01  -3.4263851847659327e-01   2.7532396228283307e-01 29 -1 #xyz tv2 fid bid
          -1.4159287000000001e-01  -3.4183543000000000e-01   2.7561835494767006e-01 #xyz ev0
          -1.3927240115073664e-01  -3.4263851847659327e-01   2.7532396228283307e-01 -1 228 #xyz ev1 fid bid
   0   0.000000000000e+00   0.000000000000e+00   0.000000000000e+00 #flag location
END_ERR 
G3dErrFileVersion 2018P3.1
FlagFileMetaData Begin
   Mesh Size - Setup1, Refinement, Pass #6, Freq. 5.500000e+08 :Title    
   Listing of mesh elements with small segments. :ToolTip  
   hf3d :Author   
   1710107452 :TimeStamp
FlagFileMetaData End
BEGIN_ERR 
26 Small mesh segment detected on body : RadiatingSurface
 Small mesh segment detected on body : RadiatingSurface 
 Segment Statistics - Number of Segments : 1 --- Segment length(s) : 0.001295inches. The cutoff frequency for S-Matrix Only Solve is 485.386670479931kHz 
2 -1  29  # nfids, fids[]
2 228  -1  # nbids, bids[]
      4 2 1 0 #ntets ntri ned npts
          -1.4041513681838111e-01  -3.4224303036359022e-01   1.3973821117151461e-01 #xyz tv0
          -1.4159287000000001e-01  -3.4183543000000000e-01   1.3938606573767365e-01 #xyz tv1
          -1.6646728999999999e-01  -4.0188759999999996e-01   9.6274969765623455e-02 #xyz tv2
          -1.4096187121057316e-01  -3.4205381166743493e-01   7.4868097003678719e-02 -1 228 #xyz tv3 fid bid
          -1.6646728999999999e-01  -4.0188759999999996e-01   9.6274969765623455e-02 #xyz tv0
          -1.4159287000000001e-01  -3.4183543000000000e-01   1.3938606573767365e-01 #xyz tv1
          -1.4041513681838111e-01  -3.4224303036359022e-01   1.3973821117151461e-01 #xyz tv2
          -1.4159287000000001e-01  -3.4183543000000000e-01   1.7638106628177452e-01 -1 228 #xyz tv3 fid bid
          -1.4159287000000001e-01  -3.4183543000000000e-01   1.3938606573767365e-01 #xyz tv0
          -1.4041513681838111e-01  -3.4224303036359022e-01   1.3973821117151461e-01 #xyz tv1
          -1.1863186000000001e-01  -2.8640265999999998e-01   0.0000000000000000e+00 #xyz tv2
          -1.4096187121057316e-01  -3.4205381166743493e-01   7.4868097003678719e-02 -1 228 #xyz tv3 fid bid
          -1.1863186000000001e-01  -2.8640265999999998e-01   0.0000000000000000e+00 #xyz tv0
          -1.4159287000000001e-01  -3.4183543000000000e-01   1.3938606573767365e-01 #xyz tv1
          -1.4159287000000001e-01  -3.4183543000000000e-01   1.7638106628177452e-01 #xyz tv2
          -1.4041513681838111e-01  -3.4224303036359022e-01   1.3973821117151461e-01 -1 228 #xyz tv3 fid bid
          -1.4041513681838111e-01  -3.4224303036359022e-01   1.3973821117151461e-01 #xyz tv0
          -1.4159287000000001e-01  -3.4183543000000000e-01   1.7638106628177452e-01 #xyz tv1
          -1.4159287000000001e-01  -3.4183543000000000e-01   1.3938606573767365e-01 29 -1 #xyz tv2 fid bid
          -1.4159287000000001e-01  -3.4183543000000000e-01   1.3938606573767365e-01 #xyz tv0
          -1.4096187121057316e-01  -3.4205381166743493e-01   7.4868097003678719e-02 #xyz tv1
          -1.4041513681838111e-01  -3.4224303036359022e-01   1.3973821117151461e-01 29 -1 #xyz tv2 fid bid
          -1.4159287000000001e-01  -3.4183543000000000e-01   1.3938606573767365e-01 #xyz ev0
          -1.4041513681838111e-01  -3.4224303036359022e-01   1.3973821117151461e-01 -1 228 #xyz ev1 fid bid
   0   0.000000000000e+00   0.000000000000e+00   0.000000000000e+00 #flag location
END_ERR 
BEGIN_ERR 
26 Small mesh segment detected on body : RadiatingSurface
 Small mesh segment detected on body : RadiatingSurface 
 Segment Statistics - Number of Segments : 1 --- Segment length(s) : 0.001578inches. The cutoff frequency for S-Matrix Only Solve is 485.386670479931kHz 
2 -1  35  # nfids, fids[]
2 228  -1  # nbids, bids[]
      5 2 1 0 #ntets ntri ned npts
           2.8640265999999998e-01  -1.1863186000000001e-01   5.0338831483554125e-01 #xyz tv0
           2.8640265999999998e-01  -1.1863186000000001e-01   5.0496582700797910e-01 #xyz tv1
