G3dErrFileVersion 2018P3.1
FlagFileMetaData Begin
   Mesh Size - Setup1, Refinement, Pass #1, Freq. 5.000000e+09 :Title    
   Listing of mesh elements with small segments. :ToolTip  
   hf3d :Author   
   1713192055 :TimeStamp
FlagFileMetaData End
BEGIN_ERR 
26 Small mesh segment detected on body : RadiatingSurface
 Small mesh segment detected on body : RadiatingSurface 
 Segment Statistics - Number of Segments : 1 --- Segment length(s) : 0.000850cm. The cutoff frequency for S-Matrix Only Solve is 2.25906435673147MHz 
3 -1  112  149  # nfids, fids[]
2 114  -1  # nbids, bids[]
      4 4 1 0 #ntets ntri ned npts
           4.2428408499049999e+00   4.0469281524184361e-17   8.1280000000000005e-02 #xyz tv0
           4.0852813498099998e+00   1.0842193462334015e-01   8.1280000000000005e-02 #xyz tv1
           4.1640610998575003e+00   2.0234640762092181e-17   8.2130000000000009e-02 #xyz tv2
           4.1640610998575003e+00   2.0234640762092181e-17   8.1280000000000005e-02 -1 114 #xyz tv3 fid bid
           4.1640610998575003e+00   2.0234640762092181e-17   8.1280000000000005e-02 #xyz tv0
           4.1972003500000001e+00  -8.9999999999999997e-02  -9.7508599466944252e-17 #xyz tv1
           4.1640610998575003e+00   2.0234640762092181e-17   8.2130000000000009e-02 #xyz tv2
           4.2428408499049999e+00   4.0469281524184361e-17   8.1280000000000005e-02 -1 114 #xyz tv3 fid bid
           4.0852813498099998e+00   1.0842193462334015e-01   8.1280000000000005e-02 #xyz tv0
           4.1640610998575003e+00   2.0234640762092181e-17   8.2130000000000009e-02 #xyz tv1
           4.1640610998575003e+00   2.0234640762092181e-17   8.1280000000000005e-02 #xyz tv2
           4.0852813498099998e+00   0.0000000000000000e+00   8.1280000000000005e-02 -1 114 #xyz tv3 fid bid
           4.1640610998575003e+00   2.0234640762092181e-17   8.1280000000000005e-02 #xyz tv0
           4.1640610998575003e+00   2.0234640762092181e-17   8.2130000000000009e-02 #xyz tv1
           4.1972003500000001e+00  -8.9999999999999997e-02  -9.7508599466944252e-17 #xyz tv2
           4.0852813498099998e+00   0.0000000000000000e+00   8.1280000000000005e-02 -1 114 #xyz tv3 fid bid
           4.1640610998575003e+00   2.0234640762092181e-17   8.1280000000000005e-02 #xyz tv0
           4.1640610998575003e+00   2.0234640762092181e-17   8.2130000000000009e-02 #xyz tv1
           4.0852813498099998e+00   0.0000000000000000e+00   8.1280000000000005e-02 112 -1 #xyz tv2 fid bid
           4.1640610998575003e+00   2.0234640762092181e-17   8.1280000000000005e-02 #xyz tv0
           4.1640610998575003e+00   2.0234640762092181e-17   8.2130000000000009e-02 #xyz tv1
           4.0852813498099998e+00   0.0000000000000000e+00   8.1280000000000005e-02 149 -1 #xyz tv2 fid bid
           4.1640610998575003e+00   2.0234640762092181e-17   8.1280000000000005e-02 #xyz tv0
           4.2428408499049999e+00   4.0469281524184361e-17   8.1280000000000005e-02 #xyz tv1
           4.1640610998575003e+00   2.0234640762092181e-17   8.2130000000000009e-02 112 -1 #xyz tv2 fid bid
           4.1640610998575003e+00   2.0234640762092181e-17   8.1280000000000005e-02 #xyz tv0
           4.2428408499049999e+00   4.0469281524184361e-17   8.1280000000000005e-02 #xyz tv1
           4.1640610998575003e+00   2.0234640762092181e-17   8.2130000000000009e-02 149 -1 #xyz tv2 fid bid
           4.1640610998575003e+00   2.0234640762092181e-17   8.1280000000000005e-02 #xyz ev0
           4.1640610998575003e+00   2.0234640762092181e-17   8.2130000000000009e-02 -1 114 #xyz ev1 fid bid
   0   0.000000000000e+00   0.000000000000e+00   0.000000000000e+00 #flag location
END_ERR 
G3dErrFileVersion 2018P3.1
FlagFileMetaData Begin
   Mesh Size - Setup1, Refinement, Pass #2, Freq. 5.000000e+09 :Title    
   Listing of mesh elements with small segments. :ToolTip  
   hf3d :Author   
   1713192057 :TimeStamp
FlagFileMetaData End
BEGIN_ERR 
26 Small mesh segment detected on body : RadiatingSurface
 Small mesh segment detected on body : RadiatingSurface 
 Segment Statistics - Number of Segments : 1 --- Segment length(s) : 0.000850cm. The cutoff frequency for S-Matrix Only Solve is 2.25906435673147MHz 
3 -1  112  149  # nfids, fids[]
2 114  -1  # nbids, bids[]
      4 4 1 0 #ntets ntri ned npts
           4.2723832561728123e+00   4.8057271809968929e-17   8.1280000000000005e-02 #xyz tv0
           4.0852813498099998e+00   1.0842193462334015e-01   8.1280000000000005e-02 #xyz tv1
           4.1640610998575003e+00   2.0234640762092181e-17   8.2130000000000009e-02 #xyz tv2
           4.1640610998575003e+00   2.0234640762092181e-17   8.1280000000000005e-02 -1 114 #xyz tv3 fid bid
           4.1640610998575003e+00   2.0234640762092181e-17   8.1280000000000005e-02 #xyz tv0
           4.1972003500000001e+00  -8.9999999999999997e-02  -9.7508599466944252e-17 #xyz tv1
           4.1640610998575003e+00   2.0234640762092181e-17   8.2130000000000009e-02 #xyz tv2
           4.2723832561728123e+00   4.8057271809968929e-17   8.1280000000000005e-02 -1 114 #xyz tv3 fid bid
           4.0852813498099998e+00   1.0842193462334015e-01   8.1280000000000005e-02 #xyz tv0
           4.1640610998575003e+00   2.0234640762092181e-17   8.2130000000000009e-02 #xyz tv1
           4.1640610998575003e+00   2.0234640762092181e-17   8.1280000000000005e-02 #xyz tv2
           4.0852813498099998e+00   0.0000000000000000e+00   8.1280000000000005e-02 -1 114 #xyz tv3 fid bid
           4.1640610998575003e+00   2.0234640762092181e-17   8.1280000000000005e-02 #xyz tv0
           4.1640610998575003e+00   2.0234640762092181e-17   8.2130000000000009e-02 #xyz tv1
           4.1972003500000001e+00  -8.9999999999999997e-02  -9.7508599466944252e-17 #xyz tv2
           4.0852813498099998e+00   0.0000000000000000e+00   8.1280000000000005e-02 -1 114 #xyz tv3 fid bid
           4.1640610998575003e+00   2.0234640762092181e-17   8.1280000000000005e-02 #xyz tv0
           4.1640610998575003e+00   2.0234640762092181e-17   8.2130000000000009e-02 #xyz tv1
           4.0852813498099998e+00   0.0000000000000000e+00   8.1280000000000005e-02 112 -1 #xyz tv2 fid bid
           4.1640610998575003e+00   2.0234640762092181e-17   8.1280000000000005e-02 #xyz tv0
           4.1640610998575003e+00   2.0234640762092181e-17   8.2130000000000009e-02 #xyz tv1
           4.0852813498099998e+00   0.0000000000000000e+00   8.1280000000000005e-02 149 -1 #xyz tv2 fid bid
           4.1640610998575003e+00   2.0234640762092181e-17   8.1280000000000005e-02 #xyz tv0
           4.2723832561728123e+00   4.8057271809968929e-17   8.1280000000000005e-02 #xyz tv1
           4.1640610998575003e+00   2.0234640762092181e-17   8.2130000000000009e-02 112 -1 #xyz tv2 fid bid
           4.1640610998575003e+00   2.0234640762092181e-17   8.1280000000000005e-02 #xyz tv0
           4.2723832561728123e+00   4.8057271809968929e-17   8.1280000000000005e-02 #xyz tv1
           4.1640610998575003e+00   2.0234640762092181e-17   8.2130000000000009e-02 149 -1 #xyz tv2 fid bid
           4.1640610998575003e+00   2.0234640762092181e-17   8.1280000000000005e-02 #xyz ev0
           4.1640610998575003e+00   2.0234640762092181e-17   8.2130000000000009e-02 -1 114 #xyz ev1 fid bid
   0   0.000000000000e+00   0.000000000000e+00   0.000000000000e+00 #flag location
END_ERR 
G3dErrFileVersion 2018P3.1
FlagFileMetaData Begin
   Mesh Size - Setup1, Refinement, Pass #3, Freq. 5.000000e+09 :Title    
   Listing of mesh elements with small segments. :ToolTip  
   hf3d :Author   
   1713192060 :TimeStamp
FlagFileMetaData End
BEGIN_ERR 
26 Small mesh segment detected on body : RadiatingSurface
 Small mesh segment detected on body : RadiatingSurface 
 Segment Statistics - Number of Segments : 1 --- Segment length(s) : 0.000850cm. The cutoff frequency for S-Matrix Only Solve is 2.25906435673147MHz 
3 -1  112  149  # nfids, fids[]
2 114  -1  # nbids, bids[]
      5 4 1 0 #ntets ntri ned npts
           4.1640610998575003e+00   2.0234640762092181e-17   8.1280000000000005e-02 #xyz tv0
           4.1640610998575003e+00   2.0234640762092181e-17   8.2130000000000009e-02 #xyz tv1
           4.2428408499049999e+00   1.0842193462334020e-01   8.1280000000000005e-02 #xyz tv2
           4.2723832561728123e+00   4.8057271809968929e-17   8.1280000000000005e-02 -1 114 #xyz tv3 fid bid
           4.1640610998575003e+00   2.0234640762092181e-17   8.1280000000000005e-02 #xyz tv0
           4.1972003500000001e+00  -8.9999999999999997e-02  -9.7508599466944252e-17 #xyz tv1
           4.1640610998575003e+00   2.0234640762092181e-17   8.2130000000000009e-02 #xyz tv2
           4.2723832561728123e+00   4.8057271809968929e-17   8.1280000000000005e-02 -1 114 #xyz tv3 fid bid
           4.1640610998575003e+00   2.0234640762092181e-17   8.1280000000000005e-02 #xyz tv0
           4.2428408499049999e+00   1.0842193462334020e-01   8.1280000000000005e-02 #xyz tv1
           4.1640610998575003e+00   2.0234640762092181e-17   8.2130000000000009e-02 #xyz tv2
           4.0852813498099998e+00   1.0842193462334015e-01   8.1280000000000005e-02 -1 114 #xyz tv3 fid bid
           4.1640610998575003e+00   2.0234640762092181e-17   8.1280000000000005e-02 #xyz tv0
           4.1640610998575003e+00   2.0234640762092181e-17   8.2130000000000009e-02 #xyz tv1
           4.1972003500000001e+00  -8.9999999999999997e-02  -9.7508599466944252e-17 #xyz tv2
           4.0852813498099998e+00   0.0000000000000000e+00   8.1280000000000005e-02 -1 114 #xyz tv3 fid bid
           4.0852813498099998e+00   1.0842193462334015e-01   8.1280000000000005e-02 #xyz tv0
           4.1640610998575003e+00   2.0234640762092181e-17   8.2130000000000009e-02 #xyz tv1
           4.1640610998575003e+00   2.0234640762092181e-17   8.1280000000000005e-02 #xyz tv2
           4.0852813498099998e+00   0.0000000000000000e+00   8.1280000000000005e-02 -1 114 #xyz tv3 fid bid
           4.1640610998575003e+00   2.0234640762092181e-17   8.1280000000000005e-02 #xyz tv0
           4.1640610998575003e+00   2.0234640762092181e-17   8.2130000000000009e-02 #xyz tv1
           4.0852813498099998e+00   0.0000000000000000e+00   8.1280000000000005e-02 112 -1 #xyz tv2 fid bid
           4.1640610998575003e+00   2.0234640762092181e-17   8.1280000000000005e-02 #xyz tv0
           4.1640610998575003e+00   2.0234640762092181e-17   8.2130000000000009e-02 #xyz tv1
           4.0852813498099998e+00   0.0000000000000000e+00   8.1280000000000005e-02 149 -1 #xyz tv2 fid bid
           4.1640610998575003e+00   2.0234640762092181e-17   8.1280000000000005e-02 #xyz tv0
           4.2723832561728123e+00   4.8057271809968929e-17   8.1280000000000005e-02 #xyz tv1
           4.1640610998575003e+00   2.0234640762092181e-17   8.2130000000000009e-02 112 -1 #xyz tv2 fid bid
           4.1640610998575003e+00   2.0234640762092181e-17   8.1280000000000005e-02 #xyz tv0
           4.2723832561728123e+00   4.8057271809968929e-17   8.1280000000000005e-02 #xyz tv1
           4.1640610998575003e+00   2.0234640762092181e-17   8.2130000000000009e-02 149 -1 #xyz tv2 fid bid
           4.1640610998575003e+00   2.0234640762092181e-17   8.1280000000000005e-02 #xyz ev0
           4.1640610998575003e+00   2.0234640762092181e-17   8.2130000000000009e-02 -1 114 #xyz ev1 fid bid
   0   0.000000000000e+00   0.000000000000e+00   0.000000000000e+00 #flag location
END_ERR 
G3dErrFileVersion 2018P3.1
FlagFileMetaData Begin
   Mesh Size - Setup1, Refinement, Pass #4, Freq. 5.000000e+09 :Title    
   Listing of mesh elements with small segments. :ToolTip  
   hf3d :Author   
   1713192062 :TimeStamp
FlagFileMetaData End
BEGIN_ERR 
26 Small mesh segment detected on body : RadiatingSurface
 Small mesh segment detected on body : RadiatingSurface 
 Segment Statistics - Number of Segments : 1 --- Segment length(s) : 0.000850cm. The cutoff frequency for S-Matrix Only Solve is 2.25906435673147MHz 
3 -1  112  149  # nfids, fids[]
2 114  -1  # nbids, bids[]
      5 4 1 0 #ntets ntri ned npts
           4.1640610998575003e+00   2.0234640762092181e-17   8.1280000000000005e-02 #xyz tv0
           4.1640610998575003e+00   2.0234640762092181e-17   8.2130000000000009e-02 #xyz tv1
           4.2354025292733271e+00   1.1896434390885990e-01   8.1280000000000005e-02 #xyz tv2
           4.2723832561728123e+00   4.8057271809968929e-17   8.1280000000000005e-02 -1 114 #xyz tv3 fid bid
           4.1640610998575003e+00   2.0234640762092181e-17   8.1280000000000005e-02 #xyz tv0
           4.1972003500000001e+00  -8.9999999999999997e-02  -9.7508599466944252e-17 #xyz tv1
           4.1640610998575003e+00   2.0234640762092181e-17   8.2130000000000009e-02 #xyz tv2
           4.2723832561728123e+00   4.8057271809968929e-17   8.1280000000000005e-02 -1 114 #xyz tv3 fid bid
           4.1640610998575003e+00   2.0234640762092181e-17   8.1280000000000005e-02 #xyz tv0
           4.2354025292733271e+00   1.1896434390885990e-01   8.1280000000000005e-02 #xyz tv1
           4.1640610998575003e+00   2.0234640762092181e-17   8.2130000000000009e-02 #xyz tv2
           4.0852813498099998e+00   1.0842193462334015e-01   8.1280000000000005e-02 -1 114 #xyz tv3 fid bid
           4.1640610998575003e+00   2.0234640762092181e-17   8.1280000000000005e-02 #xyz tv0
           4.1640610998575003e+00   2.0234640762092181e-17   8.2130000000000009e-02 #xyz tv1
           4.1972003500000001e+00  -8.9999999999999997e-02  -9.7508599466944252e-17 #xyz tv2
           4.0852813498099998e+00   0.0000000000000000e+00   8.1280000000000005e-02 -1 114 #xyz tv3 fid bid
           4.0852813498099998e+00   1.0842193462334015e-01   8.1280000000000005e-02 #xyz tv0
           4.1640610998575003e+00   2.0234640762092181e-17   8.2130000000000009e-02 #xyz tv1
           4.1640610998575003e+00   2.0234640762092181e-17   8.1280000000000005e-02 #xyz tv2
           4.0852813498099998e+00   0.0000000000000000e+00   8.1280000000000005e-02 -1 114 #xyz tv3 fid bid
           4.1640610998575003e+00   2.0234640762092181e-17   8.1280000000000005e-02 #xyz tv0
           4.1640610998575003e+00   2.0234640762092181e-17   8.2130000000000009e-02 #xyz tv1
           4.0852813498099998e+00   0.0000000000000000e+00   8.1280000000000005e-02 112 -1 #xyz tv2 fid bid
           4.1640610998575003e+00   2.0234640762092181e-17   8.1280000000000005e-02 #xyz tv0
           4.1640610998575003e+00   2.0234640762092181e-17   8.2130000000000009e-02 #xyz tv1
           4.0852813498099998e+00   0.0000000000000000e+00   8.1280000000000005e-02 149 -1 #xyz tv2 fid bid
           4.1640610998575003e+00   2.0234640762092181e-17   8.1280000000000005e-02 #xyz tv0
           4.2723832561728123e+00   4.8057271809968929e-17   8.1280000000000005e-02 #xyz tv1
           4.1640610998575003e+00   2.0234640762092181e-17   8.2130000000000009e-02 112 -1 #xyz tv2 fid bid
           4.1640610998575003e+00   2.0234640762092181e-17   8.1280000000000005e-02 #xyz tv0
           4.2723832561728123e+00   4.8057271809968929e-17   8.1280000000000005e-02 #xyz tv1
           4.1640610998575003e+00   2.0234640762092181e-17   8.2130000000000009e-02 149 -1 #xyz tv2 fid bid
           4.1640610998575003e+00   2.0234640762092181e-17   8.1280000000000005e-02 #xyz ev0
           4.1640610998575003e+00   2.0234640762092181e-17   8.2130000000000009e-02 -1 114 #xyz ev1 fid bid
   0   0.000000000000e+00   0.000000000000e+00   0.000000000000e+00 #flag location
END_ERR 
G3dErrFileVersion 2018P3.1
FlagFileMetaData Begin
   Mesh Size - Setup1, Refinement, Pass #5, Freq. 5.000000e+09 :Title    
   Listing of mesh elements with small segments. :ToolTip  
   hf3d :Author   
   1713192065 :TimeStamp
FlagFileMetaData End
BEGIN_ERR 
26 Small mesh segment detected on body : RadiatingSurface
 Small mesh segment detected on body : RadiatingSurface 
 Segment Statistics - Number of Segments : 1 --- Segment length(s) : 0.000850cm. The cutoff frequency for S-Matrix Only Solve is 2.25906435673147MHz 
3 -1  112  149  # nfids, fids[]
2 114  -1  # nbids, bids[]
      5 4 1 0 #ntets ntri ned npts
           4.1640610998575003e+00   2.0234640762092181e-17   8.1280000000000005e-02 #xyz tv0
           4.1640610998575003e+00   2.0234640762092181e-17   8.2130000000000009e-02 #xyz tv1
           4.2343737476117331e+00   1.1617728528219973e-01   8.1280000000000005e-02 #xyz tv2
           4.2723832561728123e+00   4.8057271809968929e-17   8.1280000000000005e-02 -1 114 #xyz tv3 fid bid
           4.1640610998575003e+00   2.0234640762092181e-17   8.1280000000000005e-02 #xyz tv0
           4.1972003500000001e+00  -8.9999999999999997e-02  -9.7508599466944252e-17 #xyz tv1
           4.1640610998575003e+00   2.0234640762092181e-17   8.2130000000000009e-02 #xyz tv2
           4.2723832561728123e+00   4.8057271809968929e-17   8.1280000000000005e-02 -1 114 #xyz tv3 fid bid
           4.1640610998575003e+00   2.0234640762092181e-17   8.1280000000000005e-02 #xyz tv0
           4.2343737476117331e+00   1.1617728528219973e-01   8.1280000000000005e-02 #xyz tv1
           4.1640610998575003e+00   2.0234640762092181e-17   8.2130000000000009e-02 #xyz tv2
           4.0852813498099998e+00   1.0842193462334015e-01   8.1280000000000005e-02 -1 114 #xyz tv3 fid bid
           4.1640610998575003e+00   2.0234640762092181e-17   8.1280000000000005e-02 #xyz tv0
           4.1640610998575003e+00   2.0234640762092181e-17   8.2130000000000009e-02 #xyz tv1
           4.1972003500000001e+00  -8.9999999999999997e-02  -9.7508599466944252e-17 #xyz tv2
           4.0852813498099998e+00   0.0000000000000000e+00   8.1280000000000005e-02 -1 114 #xyz tv3 fid bid
           4.0852813498099998e+00   1.0842193462334015e-01   8.1280000000000005e-02 #xyz tv0
           4.1640610998575003e+00   2.0234640762092181e-17   8.2130000000000009e-02 #xyz tv1
           4.1640610998575003e+00   2.0234640762092181e-17   8.1280000000000005e-02 #xyz tv2
           4.0852813498099998e+00   0.0000000000000000e+00   8.1280000000000005e-02 -1 114 #xyz tv3 fid bid
           4.1640610998575003e+00   2.0234640762092181e-17   8.1280000000000005e-02 #xyz tv0
           4.1640610998575003e+00   2.0234640762092181e-17   8.2130000000000009e-02 #xyz tv1
           4.0852813498099998e+00   0.0000000000000000e+00   8.1280000000000005e-02 112 -1 #xyz tv2 fid bid
           4.1640610998575003e+00   2.0234640762092181e-17   8.1280000000000005e-02 #xyz tv0
           4.1640610998575003e+00   2.0234640762092181e-17   8.2130000000000009e-02 #xyz tv1
           4.0852813498099998e+00   0.0000000000000000e+00   8.1280000000000005e-02 149 -1 #xyz tv2 fid bid
           4.1640610998575003e+00   2.0234640762092181e-17   8.1280000000000005e-02 #xyz tv0
           4.2723832561728123e+00   4.8057271809968929e-17   8.1280000000000005e-02 #xyz tv1
           4.1640610998575003e+00   2.0234640762092181e-17   8.2130000000000009e-02 112 -1 #xyz tv2 fid bid
           4.1640610998575003e+00   2.0234640762092181e-17   8.1280000000000005e-02 #xyz tv0
           4.2723832561728123e+00   4.8057271809968929e-17   8.1280000000000005e-02 #xyz tv1
           4.1640610998575003e+00   2.0234640762092181e-17   8.2130000000000009e-02 149 -1 #xyz tv2 fid bid
           4.1640610998575003e+00   2.0234640762092181e-17   8.1280000000000005e-02 #xyz ev0
           4.1640610998575003e+00   2.0234640762092181e-17   8.2130000000000009e-02 -1 114 #xyz ev1 fid bid
   0   0.000000000000e+00   0.000000000000e+00   0.000000000000e+00 #flag location
END_ERR 
G3dErrFileVersion 2018P3.1
FlagFileMetaData Begin
   Mesh Size - Setup1, Refinement, Pass #6, Freq. 5.000000e+09 :Title    
   Listing of mesh elements with small segments. :ToolTip  
   hf3d :Author   
   1713192068 :TimeStamp
FlagFileMetaData End
BEGIN_ERR 
26 Small mesh segment detected on body : pecCap1
 Small mesh segment detected on body : pecCap1 
 Segment Statistics - Number of Segments : 1 --- Segment length(s) : 0.001700cm. The cutoff frequency for S-Matrix Only Solve is 2.25906435673147MHz 
5 -1  49  112  149  50  # nfids, fids[]
2 143  -1  # nbids, bids[]
      4 6 1 0 #ntets ntri ned npts
           3.8647643784419525e+00   9.4460055576602965e-18   8.1280000000000005e-02 #xyz tv0
           3.9146253500000006e+00  -8.9999999999999997e-02  -4.5600414076584751e-17 #xyz tv1
           3.9027193501900004e+00   0.0000000000000000e+00   8.2979999999999998e-02 #xyz tv2
           3.9027193501900004e+00   0.0000000000000000e+00   8.1280000000000005e-02 -1 143 #xyz tv3 fid bid
           3.9146253500000006e+00  -8.9999999999999997e-02  -4.5600414076584751e-17 #xyz tv0
           3.9470484935684937e+00   0.0000000000000000e+00   8.1280000000000005e-02 #xyz tv1
           3.9027193501900004e+00   0.0000000000000000e+00   8.2979999999999998e-02 #xyz tv2
           3.9027193501900004e+00   0.0000000000000000e+00   8.1280000000000005e-02 -1 143 #xyz tv3 fid bid
           3.9027193501900004e+00   0.0000000000000000e+00   8.2979999999999998e-02 #xyz tv0
           3.9027193501900004e+00   1.0842193462334015e-01   8.1280000000000005e-02 #xyz tv1
           3.8647643784419525e+00   9.4460055576602965e-18   8.1280000000000005e-02 #xyz tv2
           3.9027193501900004e+00   0.0000000000000000e+00   8.1280000000000005e-02 -1 143 #xyz tv3 fid bid
           3.9470484935684937e+00   0.0000000000000000e+00   8.1280000000000005e-02 #xyz tv0
           3.9027193501900004e+00   1.0842193462334015e-01   8.1280000000000005e-02 #xyz tv1
           3.9027193501900004e+00   0.0000000000000000e+00   8.2979999999999998e-02 #xyz tv2
           3.9027193501900004e+00   0.0000000000000000e+00   8.1280000000000005e-02 -1 143 #xyz tv3 fid bid
           3.9470484935684937e+00   0.0000000000000000e+00   8.1280000000000005e-02 #xyz tv0
           3.9027193501900004e+00   0.0000000000000000e+00   8.2979999999999998e-02 #xyz tv1
           3.9027193501900004e+00   0.0000000000000000e+00   8.1280000000000005e-02 49 -1 #xyz tv2 fid bid
           3.9470484935684937e+00   0.0000000000000000e+00   8.1280000000000005e-02 #xyz tv0
           3.9027193501900004e+00   0.0000000000000000e+00   8.2979999999999998e-02 #xyz tv1
           3.9027193501900004e+00   0.0000000000000000e+00   8.1280000000000005e-02 112 -1 #xyz tv2 fid bid
           3.9470484935684937e+00   0.0000000000000000e+00   8.1280000000000005e-02 #xyz tv0
           3.9027193501900004e+00   0.0000000000000000e+00   8.2979999999999998e-02 #xyz tv1
           3.9027193501900004e+00   0.0000000000000000e+00   8.1280000000000005e-02 149 -1 #xyz tv2 fid bid
           3.9027193501900004e+00   0.0000000000000000e+00   8.2979999999999998e-02 #xyz tv0
           3.9027193501900004e+00   1.0842193462334015e-01   8.1280000000000005e-02 #xyz tv1
           3.9027193501900004e+00   0.0000000000000000e+00   8.1280000000000005e-02 50 -1 #xyz tv2 fid bid
           3.8647643784419525e+00   9.4460055576602965e-18   8.1280000000000005e-02 #xyz tv0
           3.9027193501900004e+00   0.0000000000000000e+00   8.1280000000000005e-02 #xyz tv1
           3.9027193501900004e+00   0.0000000000000000e+00   8.2979999999999998e-02 112 -1 #xyz tv2 fid bid
           3.8647643784419525e+00   9.4460055576602965e-18   8.1280000000000005e-02 #xyz tv0
           3.9027193501900004e+00   0.0000000000000000e+00   8.1280000000000005e-02 #xyz tv1
           3.9027193501900004e+00   0.0000000000000000e+00   8.2979999999999998e-02 149 -1 #xyz tv2 fid bid
           3.9027193501900004e+00   0.0000000000000000e+00   8.2979999999999998e-02 #xyz ev0
           3.9027193501900004e+00   0.0000000000000000e+00   8.1280000000000005e-02 -1 143 #xyz ev1 fid bid
   0   0.000000000000e+00   0.000000000000e+00   0.000000000000e+00 #flag location
END_ERR 
G3dErrFileVersion 2018P3.1
FlagFileMetaData Begin
   Mesh Size - Setup1, Refinement, Pass #7, Freq. 5.000000e+09 :Title    
   Listing of mesh elements with small segments. :ToolTip  
   hf3d :Author   
   1713192070 :TimeStamp
FlagFileMetaData End
BEGIN_ERR 
26 Small mesh segment detected on body : pecCap1
 Small mesh segment detected on body : pecCap1 
 Segment Statistics - Number of Segments : 1 --- Segment length(s) : 0.001700cm. The cutoff frequency for S-Matrix Only Solve is 2.25906435673147MHz 
5 -1  49  112  149  50  # nfids, fids[]
2 143  -1  # nbids, bids[]
      4 6 1 0 #ntets ntri ned npts
           3.8621426902632745e+00   1.0098475575834251e-17   8.1280000000000005e-02 #xyz tv0
           3.9146253500000006e+00  -8.9999999999999997e-02  -4.5600414076584751e-17 #xyz tv1
           3.9027193501900004e+00   0.0000000000000000e+00   8.2979999999999998e-02 #xyz tv2
           3.9027193501900004e+00   0.0000000000000000e+00   8.1280000000000005e-02 -1 143 #xyz tv3 fid bid
           3.9146253500000006e+00  -8.9999999999999997e-02  -4.5600414076584751e-17 #xyz tv0
           3.9469079910835112e+00   0.0000000000000000e+00   8.1280000000000005e-02 #xyz tv1
           3.9027193501900004e+00   0.0000000000000000e+00   8.2979999999999998e-02 #xyz tv2
           3.9027193501900004e+00   0.0000000000000000e+00   8.1280000000000005e-02 -1 143 #xyz tv3 fid bid
           3.9027193501900004e+00   0.0000000000000000e+00   8.2979999999999998e-02 #xyz tv0
           3.9027193501900004e+00   1.0842193462334015e-01   8.1280000000000005e-02 #xyz tv1
           3.8621426902632745e+00   1.0098475575834251e-17   8.1280000000000005e-02 #xyz tv2
           3.9027193501900004e+00   0.0000000000000000e+00   8.1280000000000005e-02 -1 143 #xyz tv3 fid bid
           3.9469079910835112e+00   0.0000000000000000e+00   8.1280000000000005e-02 #xyz tv0
           3.9027193501900004e+00   1.0842193462334015e-01   8.1280000000000005e-02 #xyz tv1
           3.9027193501900004e+00   0.0000000000000000e+00   8.2979999999999998e-02 #xyz tv2
           3.9027193501900004e+00   0.0000000000000000e+00   8.1280000000000005e-02 -1 143 #xyz tv3 fid bid
           3.9469079910835112e+00   0.0000000000000000e+00   8.1280000000000005e-02 #xyz tv0
           3.9027193501900004e+00   0.0000000000000000e+00   8.2979999999999998e-02 #xyz tv1
           3.9027193501900004e+00   0.0000000000000000e+00   8.1280000000000005e-02 49 -1 #xyz tv2 fid bid
           3.9469079910835112e+00   0.0000000000000000e+00   8.1280000000000005e-02 #xyz tv0
           3.9027193501900004e+00   0.0000000000000000e+00   8.2979999999999998e-02 #xyz tv1
           3.9027193501900004e+00   0.0000000000000000e+00   8.1280000000000005e-02 112 -1 #xyz tv2 fid bid
           3.9469079910835112e+00   0.0000000000000000e+00   8.1280000000000005e-02 #xyz tv0
           3.9027193501900004e+00   0.0000000000000000e+00   8.2979999999999998e-02 #xyz tv1
           3.9027193501900004e+00   0.0000000000000000e+00   8.1280000000000005e-02 149 -1 #xyz tv2 fid bid
           3.9027193501900004e+00   0.0000000000000000e+00   8.2979999999999998e-02 #xyz tv0
           3.9027193501900004e+00   1.0842193462334015e-01   8.1280000000000005e-02 #xyz tv1
           3.9027193501900004e+00   0.0000000000000000e+00   8.1280000000000005e-02 50 -1 #xyz tv2 fid bid
           3.8621426902632745e+00   1.0098475575834251e-17   8.1280000000000005e-02 #xyz tv0
           3.9027193501900004e+00   0.0000000000000000e+00   8.1280000000000005e-02 #xyz tv1
           3.9027193501900004e+00   0.0000000000000000e+00   8.2979999999999998e-02 112 -1 #xyz tv2 fid bid
           3.8621426902632745e+00   1.0098475575834251e-17   8.1280000000000005e-02 #xyz tv0
           3.9027193501900004e+00   0.0000000000000000e+00   8.1280000000000005e-02 #xyz tv1
           3.9027193501900004e+00   0.0000000000000000e+00   8.2979999999999998e-02 149 -1 #xyz tv2 fid bid
           3.9027193501900004e+00   0.0000000000000000e+00   8.2979999999999998e-02 #xyz ev0
           3.9027193501900004e+00   0.0000000000000000e+00   8.1280000000000005e-02 -1 143 #xyz ev1 fid bid
   0   0.000000000000e+00   0.000000000000e+00   0.000000000000e+00 #flag location
END_ERR 
G3dErrFileVersion 2018P3.1
FlagFileMetaData Begin
   Mesh Size - Setup1, Refinement, Pass #8, Freq. 5.000000e+09 :Title    
   Listing of mesh elements with small segments. :ToolTip  
   hf3d :Author   
   1713192075 :TimeStamp
FlagFileMetaData End
BEGIN_ERR 
26 Small mesh segment detected on body : pecCap1
 Small mesh segment detected on body : pecCap1 
 Segment Statistics - Number of Segments : 1 --- Segment length(s) : 0.001700cm. The cutoff frequency for S-Matrix Only Solve is 2.25906435673147MHz 
5 -1  49  112  149  50  # nfids, fids[]
2 143  -1  # nbids, bids[]
      4 6 1 0 #ntets ntri ned npts
           3.8614872682186050e+00   1.0261593080377740e-17   8.1280000000000005e-02 #xyz tv0
           3.9146253500000006e+00  -8.9999999999999997e-02  -4.5600414076584751e-17 #xyz tv1
           3.9027193501900004e+00   0.0000000000000000e+00   8.2979999999999998e-02 #xyz tv2
           3.9027193501900004e+00   0.0000000000000000e+00   8.1280000000000005e-02 -1 143 #xyz tv3 fid bid
           3.9146253500000006e+00  -8.9999999999999997e-02  -4.5600414076584751e-17 #xyz tv0
           3.9468728654622658e+00   0.0000000000000000e+00   8.1280000000000005e-02 #xyz tv1
           3.9027193501900004e+00   0.0000000000000000e+00   8.2979999999999998e-02 #xyz tv2
           3.9027193501900004e+00   0.0000000000000000e+00   8.1280000000000005e-02 -1 143 #xyz tv3 fid bid
           3.9027193501900004e+00   0.0000000000000000e+00   8.2979999999999998e-02 #xyz tv0
           3.9027193501900004e+00   8.8709998867228274e-02   8.1280000000000005e-02 #xyz tv1
           3.8614872682186050e+00   1.0261593080377740e-17   8.1280000000000005e-02 #xyz tv2
           3.9027193501900004e+00   0.0000000000000000e+00   8.1280000000000005e-02 -1 143 #xyz tv3 fid bid
           3.9468728654622658e+00   0.0000000000000000e+00   8.1280000000000005e-02 #xyz tv0
           3.9027193501900004e+00   8.8709998867228274e-02   8.1280000000000005e-02 #xyz tv1
           3.9027193501900004e+00   0.0000000000000000e+00   8.2979999999999998e-02 #xyz tv2
           3.9027193501900004e+00   0.0000000000000000e+00   8.1280000000000005e-02 -1 143 #xyz tv3 fid bid
           3.9468728654622658e+00   0.0000000000000000e+00   8.1280000000000005e-02 #xyz tv0
           3.9027193501900004e+00   0.0000000000000000e+00   8.2979999999999998e-02 #xyz tv1
           3.9027193501900004e+00   0.0000000000000000e+00   8.1280000000000005e-02 49 -1 #xyz tv2 fid bid
           3.9468728654622658e+00   0.0000000000000000e+00   8.1280000000000005e-02 #xyz tv0
           3.9027193501900004e+00   0.0000000000000000e+00   8.2979999999999998e-02 #xyz tv1
           3.9027193501900004e+00   0.0000000000000000e+00   8.1280000000000005e-02 112 -1 #xyz tv2 fid bid
           3.9468728654622658e+00   0.0000000000000000e+00   8.1280000000000005e-02 #xyz tv0
           3.9027193501900004e+00   0.0000000000000000e+00   8.2979999999999998e-02 #xyz tv1
           3.9027193501900004e+00   0.0000000000000000e+00   8.1280000000000005e-02 149 -1 #xyz tv2 fid bid
           3.9027193501900004e+00   0.0000000000000000e+00   8.2979999999999998e-02 #xyz tv0
           3.9027193501900004e+00   8.8709998867228274e-02   8.1280000000000005e-02 #xyz tv1
           3.9027193501900004e+00   0.0000000000000000e+00   8.1280000000000005e-02 50 -1 #xyz tv2 fid bid
           3.8614872682186050e+00   1.0261593080377740e-17   8.1280000000000005e-02 #xyz tv0
           3.9027193501900004e+00   0.0000000000000000e+00   8.1280000000000005e-02 #xyz tv1
           3.9027193501900004e+00   0.0000000000000000e+00   8.2979999999999998e-02 112 -1 #xyz tv2 fid bid
           3.8614872682186050e+00   1.0261593080377740e-17   8.1280000000000005e-02 #xyz tv0
           3.9027193501900004e+00   0.0000000000000000e+00   8.1280000000000005e-02 #xyz tv1
           3.9027193501900004e+00   0.0000000000000000e+00   8.2979999999999998e-02 149 -1 #xyz tv2 fid bid
           3.9027193501900004e+00   0.0000000000000000e+00   8.2979999999999998e-02 #xyz ev0
           3.9027193501900004e+00   0.0000000000000000e+00   8.1280000000000005e-02 -1 143 #xyz ev1 fid bid
   0   0.000000000000e+00   0.000000000000e+00   0.000000000000e+00 #flag location
END_ERR 
G3dErrFileVersion 2018P3.1
FlagFileMetaData Begin
   Mesh Size - Setup1, Refinement, Pass #9, Freq. 5.000000e+09 :Title    
   Listing of mesh elements with small segments. :ToolTip  
   hf3d :Author   
   1713192080 :TimeStamp
FlagFileMetaData End
BEGIN_ERR 
26 Small mesh segment detected on body : RadiatingSurface
 Small mesh segment detected on body : RadiatingSurface 
 Segment Statistics - Number of Segments : 1 --- Segment length(s) : 0.000850cm. The cutoff frequency for S-Matrix Only Solve is 2.25906435673147MHz 
1 -1  # nfids, fids[]
1 114  # nbids, bids[]
      5 0 1 0 #ntets ntri ned npts
           4.2014398437541498e+00   2.9548091405936043e+00   8.1280000000000005e-02 #xyz tv0
           4.2498146656602627e+00   2.9671975139937574e+00   8.2130000000000009e-02 #xyz tv1
           4.1945678505430450e+00   3.0000003500000001e+00   8.1280000000000005e-02 #xyz tv2
           4.2498146656602627e+00   2.9671975139937574e+00   8.1280000000000005e-02 -1 114 #xyz tv3 fid bid
           4.2937469129751644e+00   3.0000003500000001e+00   8.1280000000000005e-02 #xyz tv0
           4.1945678505430450e+00   3.0000003500000001e+00   8.1280000000000005e-02 #xyz tv1
           4.2498146656602627e+00   2.9671975139937574e+00   8.2130000000000009e-02 #xyz tv2
           4.2498146656602627e+00   2.9671975139937574e+00   8.1280000000000005e-02 -1 114 #xyz tv3 fid bid
           4.2014398437541498e+00   2.9548091405936043e+00   8.1280000000000005e-02 #xyz tv0
           4.2127536058077339e+00   2.9061193911411882e+00   8.1280000000000005e-02 #xyz tv1
           4.2498146656602627e+00   2.9671975139937574e+00   8.2130000000000009e-02 #xyz tv2
           4.2498146656602627e+00   2.9671975139937574e+00   8.1280000000000005e-02 -1 114 #xyz tv3 fid bid
           4.2498146656602627e+00   2.9671975139937574e+00   8.2130000000000009e-02 #xyz tv0
           4.2937469129751644e+00   3.0000003500000001e+00   8.1280000000000005e-02 #xyz tv1
           4.2498146656602627e+00   2.9671975139937574e+00   8.1280000000000005e-02 #xyz tv2
           4.3083265219032061e+00   2.9273799359926924e+00   8.1280000000000005e-02 -1 114 #xyz tv3 fid bid
           4.2498146656602627e+00   2.9671975139937574e+00   8.1280000000000005e-02 #xyz tv0
           4.2127536058077339e+00   2.9061193911411882e+00   8.1280000000000005e-02 #xyz tv1
           4.2498146656602627e+00   2.9671975139937574e+00   8.2130000000000009e-02 #xyz tv2
           4.3083265219032061e+00   2.9273799359926924e+00   8.1280000000000005e-02 -1 114 #xyz tv3 fid bid
           4.2498146656602627e+00   2.9671975139937574e+00   8.1280000000000005e-02 #xyz ev0
           4.2498146656602627e+00   2.9671975139937574e+00   8.2130000000000009e-02 -1 114 #xyz ev1 fid bid
   0   0.000000000000e+00   0.000000000000e+00   0.000000000000e+00 #flag location
END_ERR 
BEGIN_ERR 
26 Small mesh segment detected on body : RadiatingSurface
 Small mesh segment detected on body : RadiatingSurface 
 Segment Statistics - Number of Segments : 1 --- Segment length(s) : 0.000850cm. The cutoff frequency for S-Matrix Only Solve is 2.25906435673147MHz 
1 -1  # nfids, fids[]
1 114  # nbids, bids[]
      5 0 1 0 #ntets ntri ned npts
           4.9880003500000001e+00   3.0000003500000001e+00   8.1280000000000005e-02 #xyz tv0
           4.8975052894744122e+00   2.9332410581929107e+00   8.2130000000000009e-02 #xyz tv1
           4.9851667558422310e+00   2.9206561516417437e+00   8.1280000000000005e-02 #xyz tv2
           4.8975052894744122e+00   2.9332410581929107e+00   8.1280000000000005e-02 -1 114 #xyz tv3 fid bid
           4.9851667558422310e+00   2.9206561516417437e+00   8.1280000000000005e-02 #xyz tv0
           4.8975052894744122e+00   2.9332410581929107e+00   8.1280000000000005e-02 #xyz tv1
           4.8975052894744122e+00   2.9332410581929107e+00   8.2130000000000009e-02 #xyz tv2
           4.9337887078699794e+00   2.8396826976698426e+00   8.1280000000000005e-02 -1 114 #xyz tv3 fid bid
           4.7958409165377685e+00   3.0000003500000001e+00   8.1280000000000005e-02 #xyz tv0
           4.8975052894744122e+00   2.9332410581929107e+00   8.2130000000000009e-02 #xyz tv1
           4.9880003500000001e+00   3.0000003500000001e+00   8.1280000000000005e-02 #xyz tv2
           4.8975052894744122e+00   2.9332410581929107e+00   8.1280000000000005e-02 -1 114 #xyz tv3 fid bid
           4.8975052894744122e+00   2.9332410581929107e+00   8.2130000000000009e-02 #xyz tv0
           4.9337887078699794e+00   2.8396826976698426e+00   8.1280000000000005e-02 #xyz tv1
           4.8975052894744122e+00   2.9332410581929107e+00   8.1280000000000005e-02 #xyz tv2
           4.8007322659780876e+00   2.8586312721038256e+00   8.1280000000000005e-02 -1 114 #xyz tv3 fid bid
           4.8975052894744122e+00   2.9332410581929107e+00   8.2130000000000009e-02 #xyz tv0
           4.8975052894744122e+00   2.9332410581929107e+00   8.1280000000000005e-02 #xyz tv1
           4.7958409165377685e+00   3.0000003500000001e+00   8.1280000000000005e-02 #xyz tv2
           4.8007322659780876e+00   2.8586312721038256e+00   8.1280000000000005e-02 -1 114 #xyz tv3 fid bid
           4.8975052894744122e+00   2.9332410581929107e+00   8.1280000000000005e-02 #xyz ev0
           4.8975052894744122e+00   2.9332410581929107e+00   8.2130000000000009e-02 -1 114 #xyz ev1 fid bid
   0   0.000000000000e+00   0.000000000000e+00   0.000000000000e+00 #flag location
END_ERR 
G3dErrFileVersion 2018P3.1
FlagFileMetaData Begin
   Mesh Size - Setup1, Refinement, Pass #10, Freq. 5.000000e+09 :Title    
   Listing of mesh elements with small segments. :ToolTip  
   hf3d :Author   
   1713192085 :TimeStamp
FlagFileMetaData End
BEGIN_ERR 
26 Small mesh segment detected on body : RadiatingSurface
 Small mesh segment detected on body : RadiatingSurface 
 Segment Statistics - Number of Segments : 1 --- Segment length(s) : 0.000850cm. The cutoff frequency for S-Matrix Only Solve is 2.25906435673147MHz 
1 -1  # nfids, fids[]
1 114  # nbids, bids[]
      6 0 1 0 #ntets ntri ned npts
           4.3000683932546870e+00   2.9630980055405303e+00   8.1280000000000005e-02 #xyz tv0
           4.2498146656602627e+00   2.9671975139937574e+00   8.2130000000000009e-02 #xyz tv1
           4.2498146656602627e+00   2.9671975139937574e+00   8.1280000000000005e-02 #xyz tv2
           4.2937469129751644e+00   3.0000003500000001e+00   8.1280000000000005e-02 -1 114 #xyz tv3 fid bid
           4.3000683932546870e+00   2.9630980055405303e+00   8.1280000000000005e-02 #xyz tv0
           4.2498146656602627e+00   2.9671975139937574e+00   8.1280000000000005e-02 #xyz tv1
           4.2498146656602627e+00   2.9671975139937574e+00   8.2130000000000009e-02 #xyz tv2
           4.3068372969658117e+00   2.9184240026614052e+00   8.1280000000000005e-02 -1 114 #xyz tv3 fid bid
           4.2937469129751644e+00   3.0000003500000001e+00   8.1280000000000005e-02 #xyz tv0
           4.1945678505430450e+00   3.0000003500000001e+00   8.1280000000000005e-02 #xyz tv1
           4.2498146656602627e+00   2.9671975139937574e+00   8.2130000000000009e-02 #xyz tv2
           4.2498146656602627e+00   2.9671975139937574e+00   8.1280000000000005e-02 -1 114 #xyz tv3 fid bid
           4.2498146656602627e+00   2.9671975139937574e+00   8.1280000000000005e-02 #xyz tv0
           4.2127536058077339e+00   2.9061193911411882e+00   8.1280000000000005e-02 #xyz tv1
           4.2498146656602627e+00   2.9671975139937574e+00   8.2130000000000009e-02 #xyz tv2
           4.3068372969658117e+00   2.9184240026614052e+00   8.1280000000000005e-02 -1 114 #xyz tv3 fid bid
           4.1995460781289804e+00   2.9560658299305205e+00   8.1280000000000005e-02 #xyz tv0
           4.2498146656602627e+00   2.9671975139937574e+00   8.2130000000000009e-02 #xyz tv1
           4.1945678505430450e+00   3.0000003500000001e+00   8.1280000000000005e-02 #xyz tv2
           4.2498146656602627e+00   2.9671975139937574e+00   8.1280000000000005e-02 -1 114 #xyz tv3 fid bid
