G3dErrFileVersion 2018P3.1
FlagFileMetaData Begin
   Mesh Size - Setup1, Refinement, Pass #1, Freq. 1.200000e+10 :Title    
   Listing of mesh elements with small segments. :ToolTip  
   hf3d :Author   
   1698089977 :TimeStamp
FlagFileMetaData End
BEGIN_ERR 
26 Small mesh segment detected on body : Box1
 Small mesh segment detected on body : Box1 
 Segment Statistics - Number of Segments : 1 --- Segment length(s) : 0.017000mm. The cutoff frequency for S-Matrix Only Solve is 5.99584916MHz 
4 -1  38  103  321  # nfids, fids[]
2 34  -1  # nbids, bids[]
      5 5 1 0 #ntets ntri ned npts
           1.8590049507907431e-15   2.0625000000000000e+01   1.7000000000000012e-02 #xyz tv0
           9.1848509936051677e-16   2.2500000000000000e+01   3.3306690738754712e-15 #xyz tv1
           6.2500000000000018e+00   2.0104166666666664e+01   1.7000000000000248e-02 #xyz tv2
           2.1245770866179920e-15   2.2500000000000000e+01   1.7000000000000012e-02 -1 34 #xyz tv3 fid bid
          -2.5000000000000036e+00   3.1500000000000000e+01   1.7000000000000012e-02 #xyz tv0
           1.8590049507907431e-15   2.0625000000000000e+01   1.7000000000000012e-02 #xyz tv1
           2.1245770866179920e-15   2.2500000000000000e+01   1.7000000000000012e-02 #xyz tv2
           9.1848509936051677e-16   2.2500000000000000e+01   3.3306690738754712e-15 -1 34 #xyz tv3 fid bid
          -2.5000000000000036e+00   3.1500000000000000e+01   1.7000000000000012e-02 #xyz tv0
           9.1848509936051677e-16   2.2500000000000000e+01   3.3306690738754712e-15 #xyz tv1
           2.1245770866179920e-15   2.2500000000000000e+01   1.7000000000000012e-02 #xyz tv2
           0.0000000000000000e+00   3.0000000000000000e+01   1.7000000000000012e-02 -1 34 #xyz tv3 fid bid
           6.2500000000000018e+00   2.0104166666666664e+01   1.7000000000000248e-02 #xyz tv0
           9.1848509936051677e-16   2.2500000000000000e+01   3.3306690738754712e-15 #xyz tv1
           6.2500000000000009e+00   2.6250000000000000e+01   1.7000000000000012e-02 #xyz tv2
           2.1245770866179920e-15   2.2500000000000000e+01   1.7000000000000012e-02 -1 34 #xyz tv3 fid bid
           6.2500000000000009e+00   2.6250000000000000e+01   1.7000000000000012e-02 #xyz tv0
           9.1848509936051677e-16   2.2500000000000000e+01   3.3306690738754712e-15 #xyz tv1
           0.0000000000000000e+00   3.0000000000000000e+01   1.7000000000000012e-02 #xyz tv2
           2.1245770866179920e-15   2.2500000000000000e+01   1.7000000000000012e-02 -1 34 #xyz tv3 fid bid
           0.0000000000000000e+00   3.0000000000000000e+01   1.7000000000000012e-02 #xyz tv0
           9.1848509936051677e-16   2.2500000000000000e+01   3.3306690738754712e-15 #xyz tv1
           2.1245770866179920e-15   2.2500000000000000e+01   1.7000000000000012e-02 38 -1 #xyz tv2 fid bid
           0.0000000000000000e+00   3.0000000000000000e+01   1.7000000000000012e-02 #xyz tv0
           9.1848509936051677e-16   2.2500000000000000e+01   3.3306690738754712e-15 #xyz tv1
           2.1245770866179920e-15   2.2500000000000000e+01   1.7000000000000012e-02 103 -1 #xyz tv2 fid bid
           1.8590049507907431e-15   2.0625000000000000e+01   1.7000000000000012e-02 #xyz tv0
           2.1245770866179920e-15   2.2500000000000000e+01   1.7000000000000012e-02 #xyz tv1
           9.1848509936051677e-16   2.2500000000000000e+01   3.3306690738754712e-15 38 -1 #xyz tv2 fid bid
           1.8590049507907431e-15   2.0625000000000000e+01   1.7000000000000012e-02 #xyz tv0
           2.1245770866179920e-15   2.2500000000000000e+01   1.7000000000000012e-02 #xyz tv1
           9.1848509936051677e-16   2.2500000000000000e+01   3.3306690738754712e-15 103 -1 #xyz tv2 fid bid
           1.8590049507907431e-15   2.0625000000000000e+01   1.7000000000000012e-02 #xyz tv0
           2.1245770866179920e-15   2.2500000000000000e+01   1.7000000000000012e-02 #xyz tv1
           9.1848509936051677e-16   2.2500000000000000e+01   3.3306690738754712e-15 321 -1 #xyz tv2 fid bid
           9.1848509936051677e-16   2.2500000000000000e+01   3.3306690738754712e-15 #xyz ev0
           2.1245770866179920e-15   2.2500000000000000e+01   1.7000000000000012e-02 -1 34 #xyz ev1 fid bid
   0   0.000000000000e+00   0.000000000000e+00   0.000000000000e+00 #flag location
END_ERR 
G3dErrFileVersion 2018P3.1
FlagFileMetaData Begin
   Mesh Size - Setup1, Refinement, Pass #2, Freq. 1.200000e+10 :Title    
   Listing of mesh elements with small segments. :ToolTip  
   hf3d :Author   
   1698089980 :TimeStamp
FlagFileMetaData End
BEGIN_ERR 
26 Small mesh segment detected on body : Box1
 Small mesh segment detected on body : Box1 
 Segment Statistics - Number of Segments : 1 --- Segment length(s) : 13.908508mm. The cutoff frequency for S-Matrix Only Solve is 5.99584916MHz 
3 -1  36  101  # nfids, fids[]
2 34  -1  # nbids, bids[]
      5 4 1 0 #ntets ntri ned npts
           1.5871116926771986e+01   2.2513690158032020e+01   1.5847476994588564e-16 #xyz tv0
           1.2685490172506839e+01   2.4119529955692702e+01   1.7000000000000202e-02 #xyz tv1
           8.5017290870078384e+00   1.6213384598302177e+01   8.9423284422281504e-16 #xyz tv2
           1.0339069366455080e+01   3.0000000000000000e+01   0.0000000000000000e+00 -1 34 #xyz tv3 fid bid
           8.5017290870078384e+00   1.6213384598302177e+01   8.9423284422281504e-16 #xyz tv0
          -2.5000000000000036e+00   3.1500000000000000e+01  -1.1875000000000000e+00 #xyz tv1
           1.0339069366455080e+01   3.0000000000000000e+01   0.0000000000000000e+00 #xyz tv2
           9.1848509936051677e-16   2.2500000000000000e+01   3.3306690738754716e-15 -1 34 #xyz tv3 fid bid
          -2.5000000000000036e+00   3.1500000000000000e+01  -1.1875000000000000e+00 #xyz tv0
           1.0339069366455080e+01   3.0000000000000000e+01   0.0000000000000000e+00 #xyz tv1
           1.5871116926771986e+01   2.2513690158032020e+01   1.5847476994588564e-16 #xyz tv2
           8.5017290870078384e+00   1.6213384598302177e+01   8.9423284422281504e-16 -1 34 #xyz tv3 fid bid
           8.5017290870078384e+00   1.6213384598302177e+01   8.9423284422281504e-16 #xyz tv0
           1.2685490172506839e+01   2.4119529955692702e+01   1.7000000000000202e-02 #xyz tv1
           6.3016490168965431e+00   2.0322124560655816e+01   1.7000000000000192e-02 #xyz tv2
           1.0339069366455080e+01   3.0000000000000000e+01   0.0000000000000000e+00 -1 34 #xyz tv3 fid bid
           6.3016490168965431e+00   2.0322124560655816e+01   1.7000000000000192e-02 #xyz tv0
           8.5017290870078384e+00   1.6213384598302177e+01   8.9423284422281504e-16 #xyz tv1
           1.0339069366455080e+01   3.0000000000000000e+01   0.0000000000000000e+00 #xyz tv2
           9.1848509936051677e-16   2.2500000000000000e+01   3.3306690738754716e-15 -1 34 #xyz tv3 fid bid
           1.0339069366455080e+01   3.0000000000000000e+01   0.0000000000000000e+00 #xyz tv0
           8.5017290870078384e+00   1.6213384598302177e+01   8.9423284422281504e-16 #xyz tv1
           9.1848509936051677e-16   2.2500000000000000e+01   3.3306690738754716e-15 36 -1 #xyz tv2 fid bid
           1.0339069366455080e+01   3.0000000000000000e+01   0.0000000000000000e+00 #xyz tv0
           8.5017290870078384e+00   1.6213384598302177e+01   8.9423284422281504e-16 #xyz tv1
           9.1848509936051677e-16   2.2500000000000000e+01   3.3306690738754716e-15 101 -1 #xyz tv2 fid bid
           1.5871116926771986e+01   2.2513690158032020e+01   1.5847476994588564e-16 #xyz tv0
           8.5017290870078384e+00   1.6213384598302177e+01   8.9423284422281504e-16 #xyz tv1
           1.0339069366455080e+01   3.0000000000000000e+01   0.0000000000000000e+00 36 -1 #xyz tv2 fid bid
           1.5871116926771986e+01   2.2513690158032020e+01   1.5847476994588564e-16 #xyz tv0
           8.5017290870078384e+00   1.6213384598302177e+01   8.9423284422281504e-16 #xyz tv1
           1.0339069366455080e+01   3.0000000000000000e+01   0.0000000000000000e+00 101 -1 #xyz tv2 fid bid
           1.0339069366455080e+01   3.0000000000000000e+01   0.0000000000000000e+00 #xyz ev0
           8.5017290870078384e+00   1.6213384598302177e+01   8.9423284422281504e-16 -1 34 #xyz ev1 fid bid
   0   0.000000000000e+00   0.000000000000e+00   0.000000000000e+00 #flag location
END_ERR 
G3dErrFileVersion 2018P3.1
FlagFileMetaData Begin
   Mesh Size - Setup1, Refinement, Pass #1, Freq. 1.200000e+10 :Title    
   Listing of mesh elements with small segments. :ToolTip  
   hf3d :Author   
   1698090758 :TimeStamp
FlagFileMetaData End
BEGIN_ERR 
26 Small mesh segment detected on body : Box1
 Small mesh segment detected on body : Box1 
 Segment Statistics - Number of Segments : 1 --- Segment length(s) : 0.008500mm. The cutoff frequency for S-Matrix Only Solve is 5.99584916MHz 
3 -1  40  105  # nfids, fids[]
2 34  -1  # nbids, bids[]
      4 4 1 0 #ntets ntri ned npts
           5.0000000000000000e+01   2.0625000000000000e+01   1.7000000000002936e-02 #xyz tv0
           5.0000000000000000e+01   1.8750000000000000e+01   8.5000000000016764e-03 #xyz tv1
           4.4608507580418937e+01   2.0455587870956272e+01   1.7000000000001677e-02 #xyz tv2
           5.0000000000000000e+01   1.8750000000000000e+01   1.7000000000002517e-02 -1 34 #xyz tv3 fid bid
           5.0931568048170163e+01   1.5518611067254351e+01   2.0306790427609664e+00 #xyz tv0
           5.0000000000000000e+01   1.8750000000000000e+01   8.5000000000016764e-03 #xyz tv1
           5.0000000000000000e+01   2.0625000000000000e+01   1.7000000000002936e-02 #xyz tv2
           5.0000000000000000e+01   1.8750000000000000e+01   1.7000000000002517e-02 -1 34 #xyz tv3 fid bid
           4.4608507580418937e+01   2.0455587870956272e+01   1.7000000000001677e-02 #xyz tv0
           5.0000000000000000e+01   1.8750000000000000e+01   8.5000000000016764e-03 #xyz tv1
           5.0000000000000000e+01   1.6875000000000000e+01   1.7000000000002097e-02 #xyz tv2
           5.0000000000000000e+01   1.8750000000000000e+01   1.7000000000002517e-02 -1 34 #xyz tv3 fid bid
           5.0000000000000000e+01   1.6875000000000000e+01   1.7000000000002097e-02 #xyz tv0
           5.0000000000000000e+01   1.8750000000000000e+01   8.5000000000016764e-03 #xyz tv1
           5.0931568048170163e+01   1.5518611067254351e+01   2.0306790427609664e+00 #xyz tv2
           5.0000000000000000e+01   1.8750000000000000e+01   1.7000000000002517e-02 -1 34 #xyz tv3 fid bid
           5.0000000000000000e+01   1.6875000000000000e+01   1.7000000000002097e-02 #xyz tv0
           5.0000000000000000e+01   1.8750000000000000e+01   8.5000000000016764e-03 #xyz tv1
           5.0000000000000000e+01   1.8750000000000000e+01   1.7000000000002517e-02 40 -1 #xyz tv2 fid bid
           5.0000000000000000e+01   1.6875000000000000e+01   1.7000000000002097e-02 #xyz tv0
           5.0000000000000000e+01   1.8750000000000000e+01   8.5000000000016764e-03 #xyz tv1
           5.0000000000000000e+01   1.8750000000000000e+01   1.7000000000002517e-02 105 -1 #xyz tv2 fid bid
           5.0000000000000000e+01   2.0625000000000000e+01   1.7000000000002936e-02 #xyz tv0
           5.0000000000000000e+01   1.8750000000000000e+01   1.7000000000002517e-02 #xyz tv1
           5.0000000000000000e+01   1.8750000000000000e+01   8.5000000000016764e-03 40 -1 #xyz tv2 fid bid
           5.0000000000000000e+01   2.0625000000000000e+01   1.7000000000002936e-02 #xyz tv0
           5.0000000000000000e+01   1.8750000000000000e+01   1.7000000000002517e-02 #xyz tv1
           5.0000000000000000e+01   1.8750000000000000e+01   8.5000000000016764e-03 105 -1 #xyz tv2 fid bid
           5.0000000000000000e+01   1.8750000000000000e+01   8.5000000000016764e-03 #xyz ev0
           5.0000000000000000e+01   1.8750000000000000e+01   1.7000000000002517e-02 -1 34 #xyz ev1 fid bid
   0   0.000000000000e+00   0.000000000000e+00   0.000000000000e+00 #flag location
END_ERR 
G3dErrFileVersion 2018P3.1
FlagFileMetaData Begin
   Mesh Size - Setup1, Refinement, Pass #2, Freq. 1.200000e+10 :Title    
   Listing of mesh elements with small segments. :ToolTip  
   hf3d :Author   
   1698090761 :TimeStamp
FlagFileMetaData End
BEGIN_ERR 
26 Small mesh segment detected on body : Box1
 Small mesh segment detected on body : Box1 
 Segment Statistics - Number of Segments : 1 --- Segment length(s) : 0.007556mm. The cutoff frequency for S-Matrix Only Solve is 5.99584916MHz 
3 -1  40  105  # nfids, fids[]
2 34  -1  # nbids, bids[]
      5 4 1 0 #ntets ntri ned npts
           5.0000000000000000e+01   2.0625000000000000e+01   1.7000000000002936e-02 #xyz tv0
           5.0000000000000000e+01   1.8750000000000000e+01   9.4444444444460283e-03 #xyz tv1
           4.4608507580418937e+01   2.0455587870956272e+01   1.7000000000001677e-02 #xyz tv2
           5.0000000000000000e+01   1.8750000000000000e+01   1.7000000000002517e-02 -1 34 #xyz tv3 fid bid
           5.0931568048170163e+01   1.5518611067254351e+01   2.0306790427609664e+00 #xyz tv0
           5.0000000000000000e+01   1.8750000000000000e+01   9.4444444444460283e-03 #xyz tv1
           5.0000000000000000e+01   2.0625000000000000e+01   1.7000000000002936e-02 #xyz tv2
           5.0000000000000000e+01   1.8750000000000000e+01   1.7000000000002517e-02 -1 34 #xyz tv3 fid bid
           4.4312520549017364e+01   1.5472080748777794e+01   1.7000000000001420e-02 #xyz tv0
           5.0000000000000000e+01   1.8750000000000000e+01   9.4444444444460283e-03 #xyz tv1
           5.0000000000000000e+01   1.8750000000000000e+01   1.7000000000002517e-02 #xyz tv2
           4.4608507580418937e+01   2.0455587870956272e+01   1.7000000000001677e-02 -1 34 #xyz tv3 fid bid
           5.0000000000000000e+01   1.6875000000000000e+01   1.7000000000002097e-02 #xyz tv0
           5.0000000000000000e+01   1.8750000000000000e+01   9.4444444444460283e-03 #xyz tv1
           5.0931568048170163e+01   1.5518611067254351e+01   2.0306790427609664e+00 #xyz tv2
           5.0000000000000000e+01   1.8750000000000000e+01   1.7000000000002517e-02 -1 34 #xyz tv3 fid bid
           4.4312520549017364e+01   1.5472080748777794e+01   1.7000000000001420e-02 #xyz tv0
           5.0000000000000000e+01   1.8750000000000000e+01   1.7000000000002517e-02 #xyz tv1
           5.0000000000000000e+01   1.8750000000000000e+01   9.4444444444460283e-03 #xyz tv2
           5.0000000000000000e+01   1.6875000000000000e+01   1.7000000000002097e-02 -1 34 #xyz tv3 fid bid
           5.0000000000000000e+01   1.6875000000000000e+01   1.7000000000002097e-02 #xyz tv0
           5.0000000000000000e+01   1.8750000000000000e+01   9.4444444444460283e-03 #xyz tv1
           5.0000000000000000e+01   1.8750000000000000e+01   1.7000000000002517e-02 40 -1 #xyz tv2 fid bid
           5.0000000000000000e+01   1.6875000000000000e+01   1.7000000000002097e-02 #xyz tv0
           5.0000000000000000e+01   1.8750000000000000e+01   9.4444444444460283e-03 #xyz tv1
           5.0000000000000000e+01   1.8750000000000000e+01   1.7000000000002517e-02 105 -1 #xyz tv2 fid bid
           5.0000000000000000e+01   2.0625000000000000e+01   1.7000000000002936e-02 #xyz tv0
           5.0000000000000000e+01   1.8750000000000000e+01   1.7000000000002517e-02 #xyz tv1
           5.0000000000000000e+01   1.8750000000000000e+01   9.4444444444460283e-03 40 -1 #xyz tv2 fid bid
           5.0000000000000000e+01   2.0625000000000000e+01   1.7000000000002936e-02 #xyz tv0
           5.0000000000000000e+01   1.8750000000000000e+01   1.7000000000002517e-02 #xyz tv1
           5.0000000000000000e+01   1.8750000000000000e+01   9.4444444444460283e-03 105 -1 #xyz tv2 fid bid
           5.0000000000000000e+01   1.8750000000000000e+01   9.4444444444460283e-03 #xyz ev0
           5.0000000000000000e+01   1.8750000000000000e+01   1.7000000000002517e-02 -1 34 #xyz ev1 fid bid
   0   0.000000000000e+00   0.000000000000e+00   0.000000000000e+00 #flag location
END_ERR 
G3dErrFileVersion 2018P3.1
FlagFileMetaData Begin
   Mesh Size - Setup1, Refinement, Pass #3, Freq. 1.200000e+10 :Title    
   Listing of mesh elements with small segments. :ToolTip  
   hf3d :Author   
   1698090764 :TimeStamp
FlagFileMetaData End
BEGIN_ERR 
26 Small mesh segment detected on body : Box1
 Small mesh segment detected on body : Box1 
 Segment Statistics - Number of Segments : 1 --- Segment length(s) : 7.899896mm. The cutoff frequency for S-Matrix Only Solve is 5.99584916MHz 
3 -1  36  101  # nfids, fids[]
2 34  -1  # nbids, bids[]
      5 4 1 0 #ntets ntri ned npts
           1.9344790279865272e+01   3.0000000000000000e+01   0.0000000000000000e+00 #xyz tv0
           9.8701108247041702e+00   3.0000000000000000e+01   0.0000000000000000e+00 #xyz tv1
           1.6740280039596254e+01   2.5932957362005670e+01   1.7000000000000157e-02 #xyz tv2
           1.6390709516845114e+01   2.2673215902147142e+01   1.9014438154693552e-16 -1 34 #xyz tv3 fid bid
           2.1827716440604313e+01   2.6265454929370399e+01   1.7000000000000168e-02 #xyz tv0
           1.9344790279865272e+01   3.0000000000000000e+01   0.0000000000000000e+00 #xyz tv1
           1.6740280039596254e+01   2.5932957362005670e+01   1.7000000000000157e-02 #xyz tv2
           1.6390709516845114e+01   2.2673215902147142e+01   1.9014438154693552e-16 -1 34 #xyz tv3 fid bid
           2.5000000000000000e+01   1.5000000000000000e+01  -1.1875000000000000e+00 #xyz tv0
           1.9344790279865272e+01   3.0000000000000000e+01   0.0000000000000000e+00 #xyz tv1
           1.6390709516845114e+01   2.2673215902147142e+01   1.9014438154693552e-16 #xyz tv2
           9.8701108247041702e+00   3.0000000000000000e+01   0.0000000000000000e+00 -1 34 #xyz tv3 fid bid
           1.6390709516845114e+01   2.2673215902147142e+01   1.9014438154693552e-16 #xyz tv0
           2.4453167522459012e+01   2.2658805798126505e+01   1.2088911515147514e-16 #xyz tv1
           2.1827716440604313e+01   2.6265454929370399e+01   1.7000000000000168e-02 #xyz tv2
           1.9344790279865272e+01   3.0000000000000000e+01   0.0000000000000000e+00 -1 34 #xyz tv3 fid bid
           2.5000000000000000e+01   1.5000000000000000e+01  -1.1875000000000000e+00 #xyz tv0
           1.6390709516845114e+01   2.2673215902147142e+01   1.9014438154693552e-16 #xyz tv1
           1.9344790279865272e+01   3.0000000000000000e+01   0.0000000000000000e+00 #xyz tv2
           2.4453167522459012e+01   2.2658805798126505e+01   1.2088911515147514e-16 -1 34 #xyz tv3 fid bid
           1.9344790279865272e+01   3.0000000000000000e+01   0.0000000000000000e+00 #xyz tv0
           1.6390709516845114e+01   2.2673215902147142e+01   1.9014438154693552e-16 #xyz tv1
           9.8701108247041702e+00   3.0000000000000000e+01   0.0000000000000000e+00 36 -1 #xyz tv2 fid bid
           1.9344790279865272e+01   3.0000000000000000e+01   0.0000000000000000e+00 #xyz tv0
           1.6390709516845114e+01   2.2673215902147142e+01   1.9014438154693552e-16 #xyz tv1
           9.8701108247041702e+00   3.0000000000000000e+01   0.0000000000000000e+00 101 -1 #xyz tv2 fid bid
           1.6390709516845114e+01   2.2673215902147142e+01   1.9014438154693552e-16 #xyz tv0
           1.9344790279865272e+01   3.0000000000000000e+01   0.0000000000000000e+00 #xyz tv1
           2.4453167522459012e+01   2.2658805798126505e+01   1.2088911515147514e-16 36 -1 #xyz tv2 fid bid
           1.6390709516845114e+01   2.2673215902147142e+01   1.9014438154693552e-16 #xyz tv0
           1.9344790279865272e+01   3.0000000000000000e+01   0.0000000000000000e+00 #xyz tv1
           2.4453167522459012e+01   2.2658805798126505e+01   1.2088911515147514e-16 101 -1 #xyz tv2 fid bid
           1.9344790279865272e+01   3.0000000000000000e+01   0.0000000000000000e+00 #xyz ev0
           1.6390709516845114e+01   2.2673215902147142e+01   1.9014438154693552e-16 -1 34 #xyz ev1 fid bid
   0   0.000000000000e+00   0.000000000000e+00   0.000000000000e+00 #flag location
END_ERR 
G3dErrFileVersion 2018P3.1
FlagFileMetaData Begin
   Mesh Size - Setup1, Refinement, Pass #4, Freq. 1.200000e+10 :Title    
   Listing of mesh elements with small segments. :ToolTip  
   hf3d :Author   
   1698090767 :TimeStamp
FlagFileMetaData End
BEGIN_ERR 
26 Small mesh segment detected on body : Box1
 Small mesh segment detected on body : Box1 
 Segment Statistics - Number of Segments : 1 --- Segment length(s) : 7.899896mm. The cutoff frequency for S-Matrix Only Solve is 5.99584916MHz 
3 -1  36  101  # nfids, fids[]
2 34  -1  # nbids, bids[]
      5 4 1 0 #ntets ntri ned npts
           1.9344790279865276e+01   3.0000000000000000e+01   0.0000000000000000e+00 #xyz tv0
           9.8701108247041702e+00   3.0000000000000000e+01   0.0000000000000000e+00 #xyz tv1
           1.6740280039596254e+01   2.5932957362005670e+01   1.7000000000000161e-02 #xyz tv2
           1.6390709516845114e+01   2.2673215902147142e+01   1.9014438154693552e-16 -1 34 #xyz tv3 fid bid
           2.1827716440604313e+01   2.6265454929370399e+01   1.7000000000000168e-02 #xyz tv0
           1.9344790279865276e+01   3.0000000000000000e+01   0.0000000000000000e+00 #xyz tv1
           1.6740280039596254e+01   2.5932957362005670e+01   1.7000000000000161e-02 #xyz tv2
           1.6390709516845114e+01   2.2673215902147142e+01   1.9014438154693552e-16 -1 34 #xyz tv3 fid bid
           2.5000000000000000e+01   1.5000000000000000e+01  -1.1875000000000000e+00 #xyz tv0
           1.9344790279865276e+01   3.0000000000000000e+01   0.0000000000000000e+00 #xyz tv1
           1.6390709516845114e+01   2.2673215902147142e+01   1.9014438154693552e-16 #xyz tv2
           9.8701108247041702e+00   3.0000000000000000e+01   0.0000000000000000e+00 -1 34 #xyz tv3 fid bid
           1.6390709516845114e+01   2.2673215902147142e+01   1.9014438154693552e-16 #xyz tv0
           2.4302674409298547e+01   2.2558078436963314e+01   1.2139029287009501e-16 #xyz tv1
           2.1827716440604313e+01   2.6265454929370399e+01   1.7000000000000168e-02 #xyz tv2
           1.9344790279865276e+01   3.0000000000000000e+01   0.0000000000000000e+00 -1 34 #xyz tv3 fid bid
           2.5000000000000000e+01   1.5000000000000000e+01  -1.1875000000000000e+00 #xyz tv0
           1.6390709516845114e+01   2.2673215902147142e+01   1.9014438154693552e-16 #xyz tv1
           1.9344790279865276e+01   3.0000000000000000e+01   0.0000000000000000e+00 #xyz tv2
           2.4302674409298547e+01   2.2558078436963314e+01   1.2139029287009501e-16 -1 34 #xyz tv3 fid bid
           1.9344790279865276e+01   3.0000000000000000e+01   0.0000000000000000e+00 #xyz tv0
           1.6390709516845114e+01   2.2673215902147142e+01   1.9014438154693552e-16 #xyz tv1
           9.8701108247041702e+00   3.0000000000000000e+01   0.0000000000000000e+00 36 -1 #xyz tv2 fid bid
           1.9344790279865276e+01   3.0000000000000000e+01   0.0000000000000000e+00 #xyz tv0
           1.6390709516845114e+01   2.2673215902147142e+01   1.9014438154693552e-16 #xyz tv1
           9.8701108247041702e+00   3.0000000000000000e+01   0.0000000000000000e+00 101 -1 #xyz tv2 fid bid
           1.6390709516845114e+01   2.2673215902147142e+01   1.9014438154693552e-16 #xyz tv0
           1.9344790279865276e+01   3.0000000000000000e+01   0.0000000000000000e+00 #xyz tv1
           2.4302674409298547e+01   2.2558078436963314e+01   1.2139029287009501e-16 36 -1 #xyz tv2 fid bid
           1.6390709516845114e+01   2.2673215902147142e+01   1.9014438154693552e-16 #xyz tv0
           1.9344790279865276e+01   3.0000000000000000e+01   0.0000000000000000e+00 #xyz tv1
           2.4302674409298547e+01   2.2558078436963314e+01   1.2139029287009501e-16 101 -1 #xyz tv2 fid bid
           1.9344790279865276e+01   3.0000000000000000e+01   0.0000000000000000e+00 #xyz ev0
           1.6390709516845114e+01   2.2673215902147142e+01   1.9014438154693552e-16 -1 34 #xyz ev1 fid bid
   0   0.000000000000e+00   0.000000000000e+00   0.000000000000e+00 #flag location
END_ERR 
G3dErrFileVersion 2018P3.1
FlagFileMetaData Begin
   Mesh Size - Setup1, Refinement, Pass #5, Freq. 1.200000e+10 :Title    
   Listing of mesh elements with small segments. :ToolTip  
   hf3d :Author   
   1698090770 :TimeStamp
FlagFileMetaData End
BEGIN_ERR 
26 Small mesh segment detected on body : Box1
 Small mesh segment detected on body : Box1 
 Segment Statistics - Number of Segments : 1 --- Segment length(s) : 7.798354mm. The cutoff frequency for S-Matrix Only Solve is 5.99584916MHz 
3 -1  36  101  # nfids, fids[]
2 34  -1  # nbids, bids[]
      6 4 1 0 #ntets ntri ned npts
           1.2500000000000000e+01   3.0000000000000000e+01   1.7000000000000015e-02 #xyz tv0
           1.6139606075906212e+01   2.2890771784464661e+01   1.9867045839811545e-16 #xyz tv1
           1.9344790279865279e+01   3.0000000000000000e+01   0.0000000000000000e+00 #xyz tv2
           9.8701108247041702e+00   3.0000000000000000e+01   0.0000000000000000e+00 -1 34 #xyz tv3 fid bid
           1.2500000000000000e+01   3.0000000000000000e+01   1.7000000000000015e-02 #xyz tv0
           1.9344790279865279e+01   3.0000000000000000e+01   0.0000000000000000e+00 #xyz tv1
           1.6139606075906212e+01   2.2890771784464661e+01   1.9867045839811545e-16 #xyz tv2
           1.6740280039596254e+01   2.5932957362005670e+01   1.7000000000000161e-02 -1 34 #xyz tv3 fid bid
           2.5000000000000000e+01   1.5000000000000000e+01  -1.1875000000000000e+00 #xyz tv0
           1.9344790279865279e+01   3.0000000000000000e+01   0.0000000000000000e+00 #xyz tv1
           1.6139606075906212e+01   2.2890771784464661e+01   1.9867045839811545e-16 #xyz tv2
           9.8701108247041702e+00   3.0000000000000000e+01   0.0000000000000000e+00 -1 34 #xyz tv3 fid bid
           2.1827716440604313e+01   2.6265454929370399e+01   1.7000000000000168e-02 #xyz tv0
           1.9344790279865279e+01   3.0000000000000000e+01   0.0000000000000000e+00 #xyz tv1
           1.6740280039596254e+01   2.5932957362005670e+01   1.7000000000000161e-02 #xyz tv2
           1.6139606075906212e+01   2.2890771784464661e+01   1.9867045839811545e-16 -1 34 #xyz tv3 fid bid
           2.5000000000000000e+01   1.5000000000000000e+01  -1.1875000000000000e+00 #xyz tv0
           1.6139606075906212e+01   2.2890771784464661e+01   1.9867045839811545e-16 #xyz tv1
           1.9344790279865279e+01   3.0000000000000000e+01   0.0000000000000000e+00 #xyz tv2
           2.4302674409298547e+01   2.2558078436963314e+01   1.2139029287009501e-16 -1 34 #xyz tv3 fid bid
           1.6139606075906212e+01   2.2890771784464661e+01   1.9867045839811545e-16 #xyz tv0
           2.4302674409298547e+01   2.2558078436963314e+01   1.2139029287009501e-16 #xyz tv1
           2.1827716440604313e+01   2.6265454929370399e+01   1.7000000000000168e-02 #xyz tv2
           1.9344790279865279e+01   3.0000000000000000e+01   0.0000000000000000e+00 -1 34 #xyz tv3 fid bid
           1.9344790279865279e+01   3.0000000000000000e+01   0.0000000000000000e+00 #xyz tv0
           1.6139606075906212e+01   2.2890771784464661e+01   1.9867045839811545e-16 #xyz tv1
           9.8701108247041702e+00   3.0000000000000000e+01   0.0000000000000000e+00 36 -1 #xyz tv2 fid bid
           1.9344790279865279e+01   3.0000000000000000e+01   0.0000000000000000e+00 #xyz tv0
           1.6139606075906212e+01   2.2890771784464661e+01   1.9867045839811545e-16 #xyz tv1
           9.8701108247041702e+00   3.0000000000000000e+01   0.0000000000000000e+00 101 -1 #xyz tv2 fid bid
           1.6139606075906212e+01   2.2890771784464661e+01   1.9867045839811545e-16 #xyz tv0
           1.9344790279865279e+01   3.0000000000000000e+01   0.0000000000000000e+00 #xyz tv1
           2.4302674409298547e+01   2.2558078436963314e+01   1.2139029287009501e-16 36 -1 #xyz tv2 fid bid
           1.6139606075906212e+01   2.2890771784464661e+01   1.9867045839811545e-16 #xyz tv0
           1.9344790279865279e+01   3.0000000000000000e+01   0.0000000000000000e+00 #xyz tv1
           2.4302674409298547e+01   2.2558078436963314e+01   1.2139029287009501e-16 101 -1 #xyz tv2 fid bid
           1.9344790279865279e+01   3.0000000000000000e+01   0.0000000000000000e+00 #xyz ev0
           1.6139606075906212e+01   2.2890771784464661e+01   1.9867045839811545e-16 -1 34 #xyz ev1 fid bid
   0   0.000000000000e+00   0.000000000000e+00   0.000000000000e+00 #flag location
END_ERR 
G3dErrFileVersion 2018P3.1
FlagFileMetaData Begin
   Mesh Size - Setup1, Refinement, Pass #6, Freq. 1.200000e+10 :Title    
   Listing of mesh elements with small segments. :ToolTip  
   hf3d :Author   
   1698090773 :TimeStamp
FlagFileMetaData End
BEGIN_ERR 
26 Small mesh segment detected on body : Box1
 Small mesh segment detected on body : Box1 
 Segment Statistics - Number of Segments : 1 --- Segment length(s) : 7.588326mm. The cutoff frequency for S-Matrix Only Solve is 5.99584916MHz 
3 -1  36  101  # nfids, fids[]
2 34  -1  # nbids, bids[]
      6 4 1 0 #ntets ntri ned npts
           1.2500000000000000e+01   3.0000000000000000e+01   1.7000000000000015e-02 #xyz tv0
           1.5899572223263430e+01   2.3141398153303232e+01   2.1247535414798097e-16 #xyz tv1
           1.9146458385512243e+01   3.0000000000000000e+01   0.0000000000000000e+00 #xyz tv2
           9.6722410875372624e+00   3.0000000000000000e+01   0.0000000000000000e+00 -1 34 #xyz tv3 fid bid
           1.2500000000000000e+01   3.0000000000000000e+01   1.7000000000000015e-02 #xyz tv0
           1.9146458385512243e+01   3.0000000000000000e+01   0.0000000000000000e+00 #xyz tv1
           1.5899572223263430e+01   2.3141398153303232e+01   2.1247535414798097e-16 #xyz tv2
           1.6922023096921478e+01   2.5883691321517212e+01   1.7000000000000161e-02 -1 34 #xyz tv3 fid bid
           2.5000000000000000e+01   1.5000000000000000e+01  -1.1875000000000000e+00 #xyz tv0
           1.9146458385512243e+01   3.0000000000000000e+01   0.0000000000000000e+00 #xyz tv1
           1.5899572223263430e+01   2.3141398153303232e+01   2.1247535414798097e-16 #xyz tv2
           9.6722410875372624e+00   3.0000000000000000e+01   0.0000000000000000e+00 -1 34 #xyz tv3 fid bid
           2.1634703581255756e+01   2.6289479812885414e+01   1.7000000000000171e-02 #xyz tv0
           1.9146458385512243e+01   3.0000000000000000e+01   0.0000000000000000e+00 #xyz tv1
           1.6922023096921478e+01   2.5883691321517212e+01   1.7000000000000161e-02 #xyz tv2
           1.5899572223263430e+01   2.3141398153303232e+01   2.1247535414798097e-16 -1 34 #xyz tv3 fid bid
           2.5000000000000000e+01   1.5000000000000000e+01  -1.1875000000000000e+00 #xyz tv0
           1.5899572223263430e+01   2.3141398153303232e+01   2.1247535414798097e-16 #xyz tv1
           1.9146458385512243e+01   3.0000000000000000e+01   0.0000000000000000e+00 #xyz tv2
           2.4302674409298547e+01   2.2558078436963314e+01   1.2139029287009501e-16 -1 34 #xyz tv3 fid bid
           1.5899572223263430e+01   2.3141398153303232e+01   2.1247535414798097e-16 #xyz tv0
           2.4302674409298547e+01   2.2558078436963314e+01   1.2139029287009501e-16 #xyz tv1
           2.1634703581255756e+01   2.6289479812885414e+01   1.7000000000000171e-02 #xyz tv2
           1.9146458385512243e+01   3.0000000000000000e+01   0.0000000000000000e+00 -1 34 #xyz tv3 fid bid
           1.9146458385512243e+01   3.0000000000000000e+01   0.0000000000000000e+00 #xyz tv0
           1.5899572223263430e+01   2.3141398153303232e+01   2.1247535414798097e-16 #xyz tv1
           9.6722410875372624e+00   3.0000000000000000e+01   0.0000000000000000e+00 36 -1 #xyz tv2 fid bid
           1.9146458385512243e+01   3.0000000000000000e+01   0.0000000000000000e+00 #xyz tv0
           1.5899572223263430e+01   2.3141398153303232e+01   2.1247535414798097e-16 #xyz tv1
           9.6722410875372624e+00   3.0000000000000000e+01   0.0000000000000000e+00 101 -1 #xyz tv2 fid bid
           1.5899572223263430e+01   2.3141398153303232e+01   2.1247535414798097e-16 #xyz tv0
           1.9146458385512243e+01   3.0000000000000000e+01   0.0000000000000000e+00 #xyz tv1
           2.4302674409298547e+01   2.2558078436963314e+01   1.2139029287009501e-16 36 -1 #xyz tv2 fid bid
           1.5899572223263430e+01   2.3141398153303232e+01   2.1247535414798097e-16 #xyz tv0
           1.9146458385512243e+01   3.0000000000000000e+01   0.0000000000000000e+00 #xyz tv1
           2.4302674409298547e+01   2.2558078436963314e+01   1.2139029287009501e-16 101 -1 #xyz tv2 fid bid
           1.9146458385512243e+01   3.0000000000000000e+01   0.0000000000000000e+00 #xyz ev0
           1.5899572223263430e+01   2.3141398153303232e+01   2.1247535414798097e-16 -1 34 #xyz ev1 fid bid
   0   0.000000000000e+00   0.000000000000e+00   0.000000000000e+00 #flag location
END_ERR 
G3dErrFileVersion 2018P3.1
FlagFileMetaData Begin
   Mesh Size - Setup1, Refinement, Pass #7, Freq. 1.200000e+10 :Title    
   Listing of mesh elements with small segments. :ToolTip  
   hf3d :Author   
   1698090776 :TimeStamp
FlagFileMetaData End
BEGIN_ERR 
26 Small mesh segment detected on body : Box1
 Small mesh segment detected on body : Box1 
 Segment Statistics - Number of Segments : 1 --- Segment length(s) : 0.017000mm. The cutoff frequency for S-Matrix Only Solve is 5.99584916MHz 
4 -1  38  103  321  # nfids, fids[]
2 34  -1  # nbids, bids[]
      6 5 1 0 #ntets ntri ned npts
           9.1848509936051677e-16   2.2500000000000000e+01   3.3306690738754728e-15 #xyz tv0
           2.1245770866179920e-15   2.2500000000000000e+01   1.7000000000000015e-02 #xyz tv1
           1.5563688648919090e+00   1.9564708290932828e+01   1.7000000000000050e-02 #xyz tv2
           1.8590049507907431e-15   2.0625000000000000e+01   1.7000000000000015e-02 -1 34 #xyz tv3 fid bid
           9.1848509936051677e-16   2.2500000000000000e+01   3.3306690738754728e-15 #xyz tv0
           1.5563688648919090e+00   1.9564708290932828e+01   1.7000000000000050e-02 #xyz tv1
           2.1245770866179920e-15   2.2500000000000000e+01   1.7000000000000015e-02 #xyz tv2
           3.5079341564088149e+00   2.1529092500157258e+01   1.7000000000000078e-02 -1 34 #xyz tv3 fid bid
           2.1245770866179920e-15   2.2500000000000000e+01   1.7000000000000015e-02 #xyz tv0
          -2.5000000000000036e+00   3.1500000000000000e+01   1.7000000000000015e-02 #xyz tv1
           1.8590049507907431e-15   2.0625000000000000e+01   1.7000000000000015e-02 #xyz tv2
           9.1848509936051677e-16   2.2500000000000000e+01   3.3306690738754728e-15 -1 34 #xyz tv3 fid bid
           9.1848509936051677e-16   2.2500000000000000e+01   3.3306690738754728e-15 #xyz tv0
           3.5079341564088149e+00   2.1529092500157258e+01   1.7000000000000078e-02 #xyz tv1
           2.1245770866179920e-15   2.2500000000000000e+01   1.7000000000000015e-02 #xyz tv2
           3.1872559212135521e+00   2.3992556195774739e+01   1.7000000000000043e-02 -1 34 #xyz tv3 fid bid
           1.0622885433089960e-15   2.6250000000000000e+01   1.7000000000000015e-02 #xyz tv0
           9.1848509936051677e-16   2.2500000000000000e+01   3.3306690738754728e-15 #xyz tv1
          -2.5000000000000036e+00   3.1500000000000000e+01   1.7000000000000015e-02 #xyz tv2
           2.1245770866179920e-15   2.2500000000000000e+01   1.7000000000000015e-02 -1 34 #xyz tv3 fid bid
           9.1848509936051677e-16   2.2500000000000000e+01   3.3306690738754728e-15 #xyz tv0
           1.0622885433089960e-15   2.6250000000000000e+01   1.7000000000000015e-02 #xyz tv1
           3.1872559212135521e+00   2.3992556195774739e+01   1.7000000000000043e-02 #xyz tv2
           2.1245770866179920e-15   2.2500000000000000e+01   1.7000000000000015e-02 -1 34 #xyz tv3 fid bid
           1.0622885433089960e-15   2.6250000000000000e+01   1.7000000000000015e-02 #xyz tv0
           9.1848509936051677e-16   2.2500000000000000e+01   3.3306690738754728e-15 #xyz tv1
           2.1245770866179920e-15   2.2500000000000000e+01   1.7000000000000015e-02 38 -1 #xyz tv2 fid bid
           1.0622885433089960e-15   2.6250000000000000e+01   1.7000000000000015e-02 #xyz tv0
           9.1848509936051677e-16   2.2500000000000000e+01   3.3306690738754728e-15 #xyz tv1
           2.1245770866179920e-15   2.2500000000000000e+01   1.7000000000000015e-02 103 -1 #xyz tv2 fid bid
           1.8590049507907431e-15   2.0625000000000000e+01   1.7000000000000015e-02 #xyz tv0
           2.1245770866179920e-15   2.2500000000000000e+01   1.7000000000000015e-02 #xyz tv1
           9.1848509936051677e-16   2.2500000000000000e+01   3.3306690738754728e-15 38 -1 #xyz tv2 fid bid
           1.8590049507907431e-15   2.0625000000000000e+01   1.7000000000000015e-02 #xyz tv0
           2.1245770866179920e-15   2.2500000000000000e+01   1.7000000000000015e-02 #xyz tv1
           9.1848509936051677e-16   2.2500000000000000e+01   3.3306690738754728e-15 103 -1 #xyz tv2 fid bid
           1.8590049507907431e-15   2.0625000000000000e+01   1.7000000000000015e-02 #xyz tv0
           2.1245770866179920e-15   2.2500000000000000e+01   1.7000000000000015e-02 #xyz tv1
           9.1848509936051677e-16   2.2500000000000000e+01   3.3306690738754728e-15 321 -1 #xyz tv2 fid bid
           9.1848509936051677e-16   2.2500000000000000e+01   3.3306690738754728e-15 #xyz ev0
           2.1245770866179920e-15   2.2500000000000000e+01   1.7000000000000015e-02 -1 34 #xyz ev1 fid bid
   0   0.000000000000e+00   0.000000000000e+00   0.000000000000e+00 #flag location
END_ERR 
G3dErrFileVersion 2018P3.1
FlagFileMetaData Begin
   Mesh Size - Setup1, Refinement, Pass #1, Freq. 1.200000e+10 :Title    
   Listing of mesh elements with small segments. :ToolTip  
   hf3d :Author   
   1698091070 :TimeStamp
FlagFileMetaData End
BEGIN_ERR 
26 Small mesh segment detected on body : Box1
 Small mesh segment detected on body : Box1 
 Segment Statistics - Number of Segments : 1 --- Segment length(s) : 9.336035mm. The cutoff frequency for S-Matrix Only Solve is 5.99584916MHz 
3 -1  36  101  # nfids, fids[]
2 34  -1  # nbids, bids[]
      8 4 1 0 #ntets ntri ned npts
           1.3281250000000000e+01   0.0000000000000000e+00   0.0000000000000000e+00 #xyz tv0
           1.8265166275243384e+01   7.8944361916223995e+00   1.6732152139812219e-16 #xyz tv1
           2.3584203398786485e+01   0.0000000000000000e+00   1.7000000000000012e-02 #xyz tv2
           1.7178583145141602e+01   0.0000000000000000e+00   1.7000000000000012e-02 -1 34 #xyz tv3 fid bid
           2.6250000000000000e+01  -7.5000000000000000e-01  -5.9375000000000000e-01 #xyz tv0
           7.7037197775489434e-31   7.5000000000000000e+00  -1.1118701193983534e-46 #xyz tv1
           1.8265166275243384e+01   7.8944361916223995e+00   1.6732152139812219e-16 #xyz tv2
           1.3281250000000000e+01   0.0000000000000000e+00   0.0000000000000000e+00 -1 34 #xyz tv3 fid bid
           7.7037197775489434e-31   7.5000000000000000e+00  -1.1118701193983534e-46 #xyz tv0
           1.1224418028996997e+01   5.2743731202996980e+00   1.7000000000000175e-02 #xyz tv1
           1.8265166275243384e+01   7.8944361916223995e+00   1.6732152139812219e-16 #xyz tv2
           1.3281250000000000e+01   0.0000000000000000e+00   0.0000000000000000e+00 -1 34 #xyz tv3 fid bid
           1.3281250000000000e+01   0.0000000000000000e+00   0.0000000000000000e+00 #xyz tv0
           1.8997499939028202e+01   6.2716922511430511e+00   1.7000000000000223e-02 #xyz tv1
           1.8265166275243384e+01   7.8944361916223995e+00   1.6732152139812219e-16 #xyz tv2
           1.7178583145141602e+01   0.0000000000000000e+00   1.7000000000000012e-02 -1 34 #xyz tv3 fid bid
           1.8265166275243384e+01   7.8944361916223995e+00   1.6732152139812219e-16 #xyz tv0
           3.1420898437499996e+01   0.0000000000000000e+00   0.0000000000000000e+00 #xyz tv1
           2.6250000000000000e+01  -7.5000000000000000e-01  -5.9375000000000000e-01 #xyz tv2
           1.3281250000000000e+01   0.0000000000000000e+00   0.0000000000000000e+00 -1 34 #xyz tv3 fid bid
           1.3281250000000000e+01   0.0000000000000000e+00   0.0000000000000000e+00 #xyz tv0
           2.3584203398786485e+01   0.0000000000000000e+00   1.7000000000000012e-02 #xyz tv1
