G3dErrFileVersion 2018P3.1
FlagFileMetaData Begin
   Mesh Size - Setup1, Refinement, Pass #1, Freq. 3.600000e+09 :Title    
   Listing of mesh elements with small segments. :ToolTip  
   hf3d :Author   
   1700579847 :TimeStamp
FlagFileMetaData End
BEGIN_ERR 
26 Small mesh segment detected on body : GroundPlane
 Small mesh segment detected on body : GroundPlane 
 Segment Statistics - Number of Segments : 1 --- Segment length(s) : 18.000000mm. The cutoff frequency for S-Matrix Only Solve is 11.99169832MHz 
5 -1  36  92  96  40  # nfids, fids[]
2 90  -1  # nbids, bids[]
      4 4 1 0 #ntets ntri ned npts
           2.1875000000000004e+01   1.8000000000000011e+01   0.0000000000000000e+00 #xyz tv0
           2.5000000000000000e+01   0.0000000000000000e+00   0.0000000000000000e+00 #xyz tv1
           2.5000000000000000e+01   9.0000000000000053e+00   1.7000000000000012e-02 #xyz tv2
           2.5000000000000000e+01   1.8000000000000011e+01   0.0000000000000000e+00 -1 90 #xyz tv3 fid bid
           2.5000000000000000e+01   0.0000000000000000e+00   0.0000000000000000e+00 #xyz tv0
           2.6250000000000000e+01   1.8899999999999999e+01  -2.0320000000000000e+00 #xyz tv1
           2.6250000000000000e+01   1.8899999999999999e+01   0.0000000000000000e+00 #xyz tv2
           2.5000000000000000e+01   1.8000000000000011e+01   0.0000000000000000e+00 -1 90 #xyz tv3 fid bid
           2.1875000000000004e+01   1.8000000000000011e+01   0.0000000000000000e+00 #xyz tv0
           2.6250000000000000e+01   1.8899999999999999e+01  -2.0320000000000000e+00 #xyz tv1
           2.5000000000000000e+01   0.0000000000000000e+00   0.0000000000000000e+00 #xyz tv2
           2.5000000000000000e+01   1.8000000000000011e+01   0.0000000000000000e+00 -1 90 #xyz tv3 fid bid
           2.5000000000000000e+01   0.0000000000000000e+00   0.0000000000000000e+00 #xyz tv0
           2.6250000000000000e+01   1.8899999999999999e+01   0.0000000000000000e+00 #xyz tv1
           2.5000000000000000e+01   9.0000000000000053e+00   1.7000000000000012e-02 #xyz tv2
           2.5000000000000000e+01   1.8000000000000011e+01   0.0000000000000000e+00 -1 90 #xyz tv3 fid bid
           2.1875000000000004e+01   1.8000000000000011e+01   0.0000000000000000e+00 #xyz tv0
           2.5000000000000000e+01   1.8000000000000011e+01   0.0000000000000000e+00 #xyz tv1
           2.5000000000000000e+01   0.0000000000000000e+00   0.0000000000000000e+00 36 -1 #xyz tv2 fid bid
           2.1875000000000004e+01   1.8000000000000011e+01   0.0000000000000000e+00 #xyz tv0
           2.5000000000000000e+01   1.8000000000000011e+01   0.0000000000000000e+00 #xyz tv1
           2.5000000000000000e+01   0.0000000000000000e+00   0.0000000000000000e+00 92 -1 #xyz tv2 fid bid
           2.5000000000000000e+01   9.0000000000000053e+00   1.7000000000000012e-02 #xyz tv0
           2.5000000000000000e+01   0.0000000000000000e+00   0.0000000000000000e+00 #xyz tv1
           2.5000000000000000e+01   1.8000000000000011e+01   0.0000000000000000e+00 96 -1 #xyz tv2 fid bid
           2.5000000000000000e+01   9.0000000000000053e+00   1.7000000000000012e-02 #xyz tv0
           2.5000000000000000e+01   0.0000000000000000e+00   0.0000000000000000e+00 #xyz tv1
           2.5000000000000000e+01   1.8000000000000011e+01   0.0000000000000000e+00 40 -1 #xyz tv2 fid bid
           2.5000000000000000e+01   1.8000000000000011e+01   0.0000000000000000e+00 #xyz ev0
           2.5000000000000000e+01   0.0000000000000000e+00   0.0000000000000000e+00 -1 90 #xyz ev1 fid bid
   0   0.000000000000e+00   0.000000000000e+00   0.000000000000e+00 #flag location
END_ERR 
G3dErrFileVersion 2018P3.1
FlagFileMetaData Begin
   Mesh Size - Setup1, Refinement, Pass #2, Freq. 3.600000e+09 :Title    
   Listing of mesh elements with small segments. :ToolTip  
   hf3d :Author   
   1700579850 :TimeStamp
FlagFileMetaData End
BEGIN_ERR 
26 Small mesh segment detected on body : Leg1
 Small mesh segment detected on body : Leg1 
 Segment Statistics - Number of Segments : 1 --- Segment length(s) : 0.017000mm. The cutoff frequency for S-Matrix Only Solve is 11.99169832MHz 
3 -1  410  409  # nfids, fids[]
2 406  -1  # nbids, bids[]
      6 2 1 0 #ntets ntri ned npts
           3.6467002000000054e-01   7.2499999999999991e+00   8.0440000000000011e-01 #xyz tv0
           4.0863850100000016e+00   7.2499999999999991e+00   7.8740000000000054e-01 #xyz tv1
           3.6467002000000054e-01   1.0750000000000000e+01   7.8740000000000054e-01 #xyz tv2
           3.6467002000000054e-01   7.2499999999999991e+00   7.8740000000000054e-01 -1 406 #xyz tv3 fid bid
           3.6467002000000054e-01   7.2499999999999991e+00   8.0440000000000011e-01 #xyz tv0
           3.6467002000000054e-01   1.0750000000000000e+01   7.8740000000000054e-01 #xyz tv1
           0.0000000000000000e+00   9.0000000000000071e+00   7.8740000000000054e-01 #xyz tv2
           3.6467002000000054e-01   7.2499999999999991e+00   7.8740000000000054e-01 -1 406 #xyz tv3 fid bid
           2.3925889011994723e+00   5.2383138020833329e+00   7.8740000000000054e-01 #xyz tv0
           4.0863850100000016e+00   7.2499999999999991e+00   7.8740000000000054e-01 #xyz tv1
           3.6467002000000054e-01   7.2499999999999991e+00   8.0440000000000011e-01 #xyz tv2
           3.6467002000000054e-01   7.2499999999999991e+00   7.8740000000000054e-01 -1 406 #xyz tv3 fid bid
           0.0000000000000000e+00   9.0000000000000071e+00   7.8740000000000054e-01 #xyz tv0
           0.0000000000000000e+00   0.0000000000000000e+00   7.8740000000000054e-01 #xyz tv1
           3.6467002000000054e-01   7.2499999999999991e+00   8.0440000000000011e-01 #xyz tv2
           3.6467002000000054e-01   7.2499999999999991e+00   7.8740000000000054e-01 -1 406 #xyz tv3 fid bid
           2.3925889011994723e+00   5.2383138020833329e+00   7.8740000000000054e-01 #xyz tv0
           3.6467002000000054e-01   7.2499999999999991e+00   8.0440000000000011e-01 #xyz tv1
           2.1182672373798379e+00   2.7828168402777775e+00   7.8740000000000054e-01 #xyz tv2
           3.6467002000000054e-01   7.2499999999999991e+00   7.8740000000000054e-01 -1 406 #xyz tv3 fid bid
           0.0000000000000000e+00   0.0000000000000000e+00   7.8740000000000054e-01 #xyz tv0
           2.1182672373798379e+00   2.7828168402777775e+00   7.8740000000000054e-01 #xyz tv1
           3.6467002000000054e-01   7.2499999999999991e+00   8.0440000000000011e-01 #xyz tv2
           3.6467002000000054e-01   7.2499999999999991e+00   7.8740000000000054e-01 -1 406 #xyz tv3 fid bid
           3.6467002000000054e-01   7.2499999999999991e+00   7.8740000000000054e-01 #xyz tv0
           3.6467002000000054e-01   1.0750000000000000e+01   7.8740000000000054e-01 #xyz tv1
           3.6467002000000054e-01   7.2499999999999991e+00   8.0440000000000011e-01 410 -1 #xyz tv2 fid bid
           3.6467002000000054e-01   7.2499999999999991e+00   8.0440000000000011e-01 #xyz tv0
           4.0863850100000016e+00   7.2499999999999991e+00   7.8740000000000054e-01 #xyz tv1
           3.6467002000000054e-01   7.2499999999999991e+00   7.8740000000000054e-01 409 -1 #xyz tv2 fid bid
           3.6467002000000054e-01   7.2499999999999991e+00   8.0440000000000011e-01 #xyz ev0
           3.6467002000000054e-01   7.2499999999999991e+00   7.8740000000000054e-01 -1 406 #xyz ev1 fid bid
   0   0.000000000000e+00   0.000000000000e+00   0.000000000000e+00 #flag location
END_ERR 
G3dErrFileVersion 2018P3.1
FlagFileMetaData Begin
   Mesh Size - Setup1, Refinement, Pass #3, Freq. 3.600000e+09 :Title    
   Listing of mesh elements with small segments. :ToolTip  
   hf3d :Author   
   1700579853 :TimeStamp
FlagFileMetaData End
BEGIN_ERR 
26 Small mesh segment detected on body : Leg1
 Small mesh segment detected on body : Leg1 
 Segment Statistics - Number of Segments : 1 --- Segment length(s) : 0.017000mm. The cutoff frequency for S-Matrix Only Solve is 11.99169832MHz 
3 -1  410  409  # nfids, fids[]
2 406  -1  # nbids, bids[]
      7 2 1 0 #ntets ntri ned npts
           2.0437142633796306e+00   8.8784722222222214e+00   7.8740000000000054e-01 #xyz tv0
           3.6467002000000054e-01   7.2499999999999991e+00   8.0440000000000011e-01 #xyz tv1
           3.6467002000000054e-01   7.2499999999999991e+00   7.8740000000000054e-01 #xyz tv2
           3.6467002000000054e-01   1.0750000000000000e+01   7.8740000000000054e-01 -1 406 #xyz tv3 fid bid
           3.6467002000000054e-01   7.2499999999999991e+00   8.0440000000000011e-01 #xyz tv0
           3.6467002000000054e-01   1.0750000000000000e+01   7.8740000000000054e-01 #xyz tv1
           0.0000000000000000e+00   7.8750000000000053e+00   7.8740000000000054e-01 #xyz tv2
           3.6467002000000054e-01   7.2499999999999991e+00   7.8740000000000054e-01 -1 406 #xyz tv3 fid bid
           2.0437142633796306e+00   8.8784722222222214e+00   7.8740000000000054e-01 #xyz tv0
           3.6467002000000054e-01   7.2499999999999991e+00   7.8740000000000054e-01 #xyz tv1
           3.6467002000000054e-01   7.2499999999999991e+00   8.0440000000000011e-01 #xyz tv2
           4.0863850100000016e+00   7.2499999999999991e+00   7.8740000000000054e-01 -1 406 #xyz tv3 fid bid
           0.0000000000000000e+00   7.8750000000000053e+00   7.8740000000000054e-01 #xyz tv0
           0.0000000000000000e+00   0.0000000000000000e+00   7.8740000000000054e-01 #xyz tv1
           3.6467002000000054e-01   7.2499999999999991e+00   8.0440000000000011e-01 #xyz tv2
           3.6467002000000054e-01   7.2499999999999991e+00   7.8740000000000054e-01 -1 406 #xyz tv3 fid bid
           2.9447244649109452e+00   5.1930262937866223e+00   7.8740000000000054e-01 #xyz tv0
           4.0863850100000016e+00   7.2499999999999991e+00   7.8740000000000054e-01 #xyz tv1
           3.6467002000000054e-01   7.2499999999999991e+00   8.0440000000000011e-01 #xyz tv2
           3.6467002000000054e-01   7.2499999999999991e+00   7.8740000000000054e-01 -1 406 #xyz tv3 fid bid
           0.0000000000000000e+00   0.0000000000000000e+00   7.8740000000000054e-01 #xyz tv0
           2.1529142129172549e+00   2.6854898083838545e+00   7.8740000000000054e-01 #xyz tv1
           3.6467002000000054e-01   7.2499999999999991e+00   8.0440000000000011e-01 #xyz tv2
           3.6467002000000054e-01   7.2499999999999991e+00   7.8740000000000054e-01 -1 406 #xyz tv3 fid bid
           2.9447244649109452e+00   5.1930262937866223e+00   7.8740000000000054e-01 #xyz tv0
           3.6467002000000054e-01   7.2499999999999991e+00   8.0440000000000011e-01 #xyz tv1
           2.1529142129172549e+00   2.6854898083838545e+00   7.8740000000000054e-01 #xyz tv2
           3.6467002000000054e-01   7.2499999999999991e+00   7.8740000000000054e-01 -1 406 #xyz tv3 fid bid
           3.6467002000000054e-01   7.2499999999999991e+00   7.8740000000000054e-01 #xyz tv0
           3.6467002000000054e-01   1.0750000000000000e+01   7.8740000000000054e-01 #xyz tv1
           3.6467002000000054e-01   7.2499999999999991e+00   8.0440000000000011e-01 410 -1 #xyz tv2 fid bid
           3.6467002000000054e-01   7.2499999999999991e+00   8.0440000000000011e-01 #xyz tv0
           4.0863850100000016e+00   7.2499999999999991e+00   7.8740000000000054e-01 #xyz tv1
           3.6467002000000054e-01   7.2499999999999991e+00   7.8740000000000054e-01 409 -1 #xyz tv2 fid bid
           3.6467002000000054e-01   7.2499999999999991e+00   8.0440000000000011e-01 #xyz ev0
           3.6467002000000054e-01   7.2499999999999991e+00   7.8740000000000054e-01 -1 406 #xyz ev1 fid bid
   0   0.000000000000e+00   0.000000000000e+00   0.000000000000e+00 #flag location
END_ERR 
G3dErrFileVersion 2018P3.1
FlagFileMetaData Begin
   Mesh Size - Setup1, Refinement, Pass #4, Freq. 3.600000e+09 :Title    
   Listing of mesh elements with small segments. :ToolTip  
   hf3d :Author   
   1700579855 :TimeStamp
FlagFileMetaData End
BEGIN_ERR 
26 Small mesh segment detected on body : Leg1
 Small mesh segment detected on body : Leg1 
 Segment Statistics - Number of Segments : 1 --- Segment length(s) : 0.017000mm. The cutoff frequency for S-Matrix Only Solve is 11.99169832MHz 
3 -1  410  409  # nfids, fids[]
2 406  -1  # nbids, bids[]
      6 2 1 0 #ntets ntri ned npts
           2.2255275150000013e+00   7.2499999999999991e+00   7.8740000000000054e-01 #xyz tv0
           2.0437142633796306e+00   8.8784722222222214e+00   7.8740000000000054e-01 #xyz tv1
           3.6467002000000054e-01   7.2499999999999991e+00   8.0440000000000011e-01 #xyz tv2
           3.6467002000000054e-01   7.2499999999999991e+00   7.8740000000000054e-01 -1 406 #xyz tv3 fid bid
           2.0437142633796306e+00   8.8784722222222214e+00   7.8740000000000054e-01 #xyz tv0
           3.6467002000000054e-01   7.2499999999999991e+00   8.0440000000000011e-01 #xyz tv1
           3.6467002000000054e-01   7.2499999999999991e+00   7.8740000000000054e-01 #xyz tv2
           3.6467002000000054e-01   1.0750000000000000e+01   7.8740000000000054e-01 -1 406 #xyz tv3 fid bid
           2.2255275150000013e+00   7.2499999999999991e+00   7.8740000000000054e-01 #xyz tv0
           3.6467002000000054e-01   7.2499999999999991e+00   8.0440000000000011e-01 #xyz tv1
           1.1963435223229812e+00   4.9913388348347176e+00   7.8740000000000054e-01 #xyz tv2
           3.6467002000000054e-01   7.2499999999999991e+00   7.8740000000000054e-01 -1 406 #xyz tv3 fid bid
           3.6467002000000054e-01   7.2499999999999991e+00   8.0440000000000011e-01 #xyz tv0
           3.6467002000000054e-01   1.0750000000000000e+01   7.8740000000000054e-01 #xyz tv1
           0.0000000000000000e+00   7.8750000000000053e+00   7.8740000000000054e-01 #xyz tv2
           3.6467002000000054e-01   7.2499999999999991e+00   7.8740000000000054e-01 -1 406 #xyz tv3 fid bid
           1.1963435223229812e+00   4.9913388348347176e+00   7.8740000000000054e-01 #xyz tv0
           3.6467002000000054e-01   7.2499999999999991e+00   8.0440000000000011e-01 #xyz tv1
           3.2502374916540527e-01   3.9025726564855869e+00   7.8740000000000054e-01 #xyz tv2
           3.6467002000000054e-01   7.2499999999999991e+00   7.8740000000000054e-01 -1 406 #xyz tv3 fid bid
           3.2502374916540527e-01   3.9025726564855869e+00   7.8740000000000054e-01 #xyz tv0
           3.6467002000000054e-01   7.2499999999999991e+00   8.0440000000000011e-01 #xyz tv1
           0.0000000000000000e+00   7.8750000000000053e+00   7.8740000000000054e-01 #xyz tv2
           3.6467002000000054e-01   7.2499999999999991e+00   7.8740000000000054e-01 -1 406 #xyz tv3 fid bid
           3.6467002000000054e-01   7.2499999999999991e+00   7.8740000000000054e-01 #xyz tv0
           3.6467002000000054e-01   1.0750000000000000e+01   7.8740000000000054e-01 #xyz tv1
           3.6467002000000054e-01   7.2499999999999991e+00   8.0440000000000011e-01 410 -1 #xyz tv2 fid bid
           2.2255275150000013e+00   7.2499999999999991e+00   7.8740000000000054e-01 #xyz tv0
           3.6467002000000054e-01   7.2499999999999991e+00   7.8740000000000054e-01 #xyz tv1
           3.6467002000000054e-01   7.2499999999999991e+00   8.0440000000000011e-01 409 -1 #xyz tv2 fid bid
           3.6467002000000054e-01   7.2499999999999991e+00   8.0440000000000011e-01 #xyz ev0
           3.6467002000000054e-01   7.2499999999999991e+00   7.8740000000000054e-01 -1 406 #xyz ev1 fid bid
   0   0.000000000000e+00   0.000000000000e+00   0.000000000000e+00 #flag location
END_ERR 
G3dErrFileVersion 2018P3.1
FlagFileMetaData Begin
   Mesh Size - Setup1, Refinement, Pass #5, Freq. 3.600000e+09 :Title    
   Listing of mesh elements with small segments. :ToolTip  
   hf3d :Author   
   1700579858 :TimeStamp
FlagFileMetaData End
BEGIN_ERR 
26 Small mesh segment detected on body : Leg1
 Small mesh segment detected on body : Leg1 
 Segment Statistics - Number of Segments : 1 --- Segment length(s) : 0.017000mm. The cutoff frequency for S-Matrix Only Solve is 11.99169832MHz 
3 -1  410  409  # nfids, fids[]
2 406  -1  # nbids, bids[]
      7 2 1 0 #ntets ntri ned npts
           3.6467002000000054e-01   9.0000000000000018e+00   7.8740000000000054e-01 #xyz tv0
           3.6467002000000054e-01   7.2499999999999991e+00   8.0440000000000011e-01 #xyz tv1
           1.9018940620901246e+00   8.6820427961756081e+00   7.8740000000000054e-01 #xyz tv2
           3.6467002000000054e-01   7.2499999999999991e+00   7.8740000000000054e-01 -1 406 #xyz tv3 fid bid
           2.2255275150000013e+00   7.2499999999999991e+00   7.8740000000000054e-01 #xyz tv0
           1.9018940620901246e+00   8.6820427961756081e+00   7.8740000000000054e-01 #xyz tv1
           3.6467002000000054e-01   7.2499999999999991e+00   8.0440000000000011e-01 #xyz tv2
           3.6467002000000054e-01   7.2499999999999991e+00   7.8740000000000054e-01 -1 406 #xyz tv3 fid bid
           3.6467002000000054e-01   9.0000000000000018e+00   7.8740000000000054e-01 #xyz tv0
           0.0000000000000000e+00   8.3281860351562571e+00   7.8740000000000054e-01 #xyz tv1
           3.6467002000000054e-01   7.2499999999999991e+00   8.0440000000000011e-01 #xyz tv2
           3.6467002000000054e-01   7.2499999999999991e+00   7.8740000000000054e-01 -1 406 #xyz tv3 fid bid
           2.2255275150000013e+00   7.2499999999999991e+00   7.8740000000000054e-01 #xyz tv0
           3.6467002000000054e-01   7.2499999999999991e+00   8.0440000000000011e-01 #xyz tv1
           1.4081485403349154e+00   5.1437368843645022e+00   7.8740000000000054e-01 #xyz tv2
           3.6467002000000054e-01   7.2499999999999991e+00   7.8740000000000054e-01 -1 406 #xyz tv3 fid bid
           3.6467002000000054e-01   7.2499999999999991e+00   7.8740000000000054e-01 #xyz tv0
           3.6467002000000054e-01   7.2499999999999991e+00   8.0440000000000011e-01 #xyz tv1
           0.0000000000000000e+00   4.0870513916015661e+00   7.8740000000000054e-01 #xyz tv2
           0.0000000000000000e+00   8.3281860351562571e+00   7.8740000000000054e-01 -1 406 #xyz tv3 fid bid
           1.4081485403349154e+00   5.1437368843645022e+00   7.8740000000000054e-01 #xyz tv0
           3.6467002000000054e-01   7.2499999999999991e+00   8.0440000000000011e-01 #xyz tv1
           3.2502374916540527e-01   3.9025726564855869e+00   7.8740000000000054e-01 #xyz tv2
           3.6467002000000054e-01   7.2499999999999991e+00   7.8740000000000054e-01 -1 406 #xyz tv3 fid bid
           3.6467002000000054e-01   7.2499999999999991e+00   7.8740000000000054e-01 #xyz tv0
           0.0000000000000000e+00   4.0870513916015661e+00   7.8740000000000054e-01 #xyz tv1
           3.6467002000000054e-01   7.2499999999999991e+00   8.0440000000000011e-01 #xyz tv2
           3.2502374916540527e-01   3.9025726564855869e+00   7.8740000000000054e-01 -1 406 #xyz tv3 fid bid
           3.6467002000000054e-01   9.0000000000000018e+00   7.8740000000000054e-01 #xyz tv0
           3.6467002000000054e-01   7.2499999999999991e+00   8.0440000000000011e-01 #xyz tv1
           3.6467002000000054e-01   7.2499999999999991e+00   7.8740000000000054e-01 410 -1 #xyz tv2 fid bid
           2.2255275150000013e+00   7.2499999999999991e+00   7.8740000000000054e-01 #xyz tv0
           3.6467002000000054e-01   7.2499999999999991e+00   7.8740000000000054e-01 #xyz tv1
           3.6467002000000054e-01   7.2499999999999991e+00   8.0440000000000011e-01 409 -1 #xyz tv2 fid bid
           3.6467002000000054e-01   7.2499999999999991e+00   8.0440000000000011e-01 #xyz ev0
           3.6467002000000054e-01   7.2499999999999991e+00   7.8740000000000054e-01 -1 406 #xyz ev1 fid bid
   0   0.000000000000e+00   0.000000000000e+00   0.000000000000e+00 #flag location
END_ERR 
G3dErrFileVersion 2018P3.1
FlagFileMetaData Begin
   Mesh Size - Setup1, Refinement, Pass #6, Freq. 3.600000e+09 :Title    
   Listing of mesh elements with small segments. :ToolTip  
   hf3d :Author   
   1700579860 :TimeStamp
FlagFileMetaData End
BEGIN_ERR 
26 Small mesh segment detected on body : Leg1
 Small mesh segment detected on body : Leg1 
 Segment Statistics - Number of Segments : 1 --- Segment length(s) : 0.017000mm. The cutoff frequency for S-Matrix Only Solve is 11.99169832MHz 
3 -1  410  409  # nfids, fids[]
2 406  -1  # nbids, bids[]
      6 2 1 0 #ntets ntri ned npts
           3.6467002000000054e-01   9.0000000000000036e+00   7.8740000000000054e-01 #xyz tv0
           3.6467002000000054e-01   7.2499999999999991e+00   8.0440000000000011e-01 #xyz tv1
           1.9843273890110413e+00   8.5923656214539257e+00   7.8740000000000054e-01 #xyz tv2
           3.6467002000000054e-01   7.2499999999999991e+00   7.8740000000000054e-01 -1 406 #xyz tv3 fid bid
           2.2255275150000013e+00   7.2499999999999991e+00   7.8740000000000054e-01 #xyz tv0
           1.9843273890110413e+00   8.5923656214539257e+00   7.8740000000000054e-01 #xyz tv1
           3.6467002000000054e-01   7.2499999999999991e+00   8.0440000000000011e-01 #xyz tv2
           3.6467002000000054e-01   7.2499999999999991e+00   7.8740000000000054e-01 -1 406 #xyz tv3 fid bid
           3.6467002000000054e-01   9.0000000000000036e+00   7.8740000000000054e-01 #xyz tv0
           0.0000000000000000e+00   8.4069625139236521e+00   7.8740000000000054e-01 #xyz tv1
           3.6467002000000054e-01   7.2499999999999991e+00   8.0440000000000011e-01 #xyz tv2
           3.6467002000000054e-01   7.2499999999999991e+00   7.8740000000000054e-01 -1 406 #xyz tv3 fid bid
           1.0369904685451488e+00   6.2940683717166532e+00   7.8740000000000054e-01 #xyz tv0
           2.2255275150000013e+00   7.2499999999999991e+00   7.8740000000000054e-01 #xyz tv1
           3.6467002000000054e-01   7.2499999999999991e+00   8.0440000000000011e-01 #xyz tv2
           3.6467002000000054e-01   7.2499999999999991e+00   7.8740000000000054e-01 -1 406 #xyz tv3 fid bid
           0.0000000000000000e+00   6.2076187133789116e+00   7.8740000000000054e-01 #xyz tv0
           3.6467002000000054e-01   7.2499999999999991e+00   7.8740000000000054e-01 #xyz tv1
           3.6467002000000054e-01   7.2499999999999991e+00   8.0440000000000011e-01 #xyz tv2
           0.0000000000000000e+00   8.4069625139236521e+00   7.8740000000000054e-01 -1 406 #xyz tv3 fid bid
           1.0369904685451488e+00   6.2940683717166532e+00   7.8740000000000054e-01 #xyz tv0
           3.6467002000000054e-01   7.2499999999999991e+00   8.0440000000000011e-01 #xyz tv1
           0.0000000000000000e+00   6.2076187133789116e+00   7.8740000000000054e-01 #xyz tv2
           3.6467002000000054e-01   7.2499999999999991e+00   7.8740000000000054e-01 -1 406 #xyz tv3 fid bid
           3.6467002000000054e-01   9.0000000000000036e+00   7.8740000000000054e-01 #xyz tv0
           3.6467002000000054e-01   7.2499999999999991e+00   8.0440000000000011e-01 #xyz tv1
           3.6467002000000054e-01   7.2499999999999991e+00   7.8740000000000054e-01 410 -1 #xyz tv2 fid bid
           2.2255275150000013e+00   7.2499999999999991e+00   7.8740000000000054e-01 #xyz tv0
           3.6467002000000054e-01   7.2499999999999991e+00   7.8740000000000054e-01 #xyz tv1
           3.6467002000000054e-01   7.2499999999999991e+00   8.0440000000000011e-01 409 -1 #xyz tv2 fid bid
           3.6467002000000054e-01   7.2499999999999991e+00   8.0440000000000011e-01 #xyz ev0
           3.6467002000000054e-01   7.2499999999999991e+00   7.8740000000000054e-01 -1 406 #xyz ev1 fid bid
   0   0.000000000000e+00   0.000000000000e+00   0.000000000000e+00 #flag location
END_ERR 
G3dErrFileVersion 2018P3.1
FlagFileMetaData Begin
   Mesh Size - Setup1, Refinement, Pass #7, Freq. 3.600000e+09 :Title    
   Listing of mesh elements with small segments. :ToolTip  
   hf3d :Author   
   1700579863 :TimeStamp
FlagFileMetaData End
BEGIN_ERR 
26 Small mesh segment detected on body : Leg1
 Small mesh segment detected on body : Leg1 
 Segment Statistics - Number of Segments : 1 --- Segment length(s) : 0.017000mm. The cutoff frequency for S-Matrix Only Solve is 11.99169832MHz 
3 -1  410  409  # nfids, fids[]
2 406  -1  # nbids, bids[]
      6 2 1 0 #ntets ntri ned npts
           3.6467002000000054e-01   9.0000000000000053e+00   7.8740000000000054e-01 #xyz tv0
           3.6467002000000054e-01   7.2499999999999991e+00   8.0440000000000011e-01 #xyz tv1
           1.2950987675000010e+00   7.2499999999999991e+00   7.8740000000000054e-01 #xyz tv2
           3.6467002000000054e-01   7.2499999999999991e+00   7.8740000000000054e-01 -1 406 #xyz tv3 fid bid
           1.2950987675000010e+00   7.2499999999999991e+00   7.8740000000000054e-01 #xyz tv0
           3.6467002000000054e-01   7.2499999999999991e+00   8.0440000000000011e-01 #xyz tv1
           1.0135636835589896e+00   6.2528253961793414e+00   7.8740000000000054e-01 #xyz tv2
           3.6467002000000054e-01   7.2499999999999991e+00   7.8740000000000054e-01 -1 406 #xyz tv3 fid bid
           3.6467002000000054e-01   9.0000000000000053e+00   7.8740000000000054e-01 #xyz tv0
           0.0000000000000000e+00   8.8345147320069444e+00   7.8740000000000054e-01 #xyz tv1
           3.6467002000000054e-01   7.2499999999999991e+00   8.0440000000000011e-01 #xyz tv2
           3.6467002000000054e-01   7.2499999999999991e+00   7.8740000000000054e-01 -1 406 #xyz tv3 fid bid
           1.0135636835589896e+00   6.2528253961793414e+00   7.8740000000000054e-01 #xyz tv0
           3.6467002000000054e-01   7.2499999999999991e+00   8.0440000000000011e-01 #xyz tv1
           0.0000000000000000e+00   5.4462828333489650e+00   7.8740000000000054e-01 #xyz tv2
           3.6467002000000054e-01   7.2499999999999991e+00   7.8740000000000054e-01 -1 406 #xyz tv3 fid bid
           0.0000000000000000e+00   7.2016119095496904e+00   7.8740000000000054e-01 #xyz tv0
           3.6467002000000054e-01   7.2499999999999991e+00   7.8740000000000054e-01 #xyz tv1
           3.6467002000000054e-01   7.2499999999999991e+00   8.0440000000000011e-01 #xyz tv2
           0.0000000000000000e+00   8.8345147320069444e+00   7.8740000000000054e-01 -1 406 #xyz tv3 fid bid
           0.0000000000000000e+00   7.2016119095496904e+00   7.8740000000000054e-01 #xyz tv0
           3.6467002000000054e-01   7.2499999999999991e+00   8.0440000000000011e-01 #xyz tv1
           3.6467002000000054e-01   7.2499999999999991e+00   7.8740000000000054e-01 #xyz tv2
           0.0000000000000000e+00   5.4462828333489650e+00   7.8740000000000054e-01 -1 406 #xyz tv3 fid bid
           3.6467002000000054e-01   9.0000000000000053e+00   7.8740000000000054e-01 #xyz tv0
           3.6467002000000054e-01   7.2499999999999991e+00   8.0440000000000011e-01 #xyz tv1
           3.6467002000000054e-01   7.2499999999999991e+00   7.8740000000000054e-01 410 -1 #xyz tv2 fid bid
           1.2950987675000010e+00   7.2499999999999991e+00   7.8740000000000054e-01 #xyz tv0
           3.6467002000000054e-01   7.2499999999999991e+00   7.8740000000000054e-01 #xyz tv1
           3.6467002000000054e-01   7.2499999999999991e+00   8.0440000000000011e-01 409 -1 #xyz tv2 fid bid
           3.6467002000000054e-01   7.2499999999999991e+00   8.0440000000000011e-01 #xyz ev0
           3.6467002000000054e-01   7.2499999999999991e+00   7.8740000000000054e-01 -1 406 #xyz ev1 fid bid
   0   0.000000000000e+00   0.000000000000e+00   0.000000000000e+00 #flag location
END_ERR 
G3dErrFileVersion 2018P3.1
FlagFileMetaData Begin
   Mesh Size - Setup1, Refinement, Pass #8, Freq. 3.600000e+09 :Title    
   Listing of mesh elements with small segments. :ToolTip  
   hf3d :Author   
   1700579866 :TimeStamp
FlagFileMetaData End
BEGIN_ERR 
26 Small mesh segment detected on body : Leg1
 Small mesh segment detected on body : Leg1 
 Segment Statistics - Number of Segments : 1 --- Segment length(s) : 0.017000mm. The cutoff frequency for S-Matrix Only Solve is 11.99169832MHz 
3 -1  410  409  # nfids, fids[]
2 406  -1  # nbids, bids[]
      6 2 1 0 #ntets ntri ned npts
           3.6467002000000054e-01   9.0000000000000071e+00   7.8740000000000054e-01 #xyz tv0
           3.6467002000000054e-01   7.2499999999999991e+00   8.0440000000000011e-01 #xyz tv1
           1.2946444565881357e+00   7.2499999999999991e+00   7.8740000000000054e-01 #xyz tv2
           3.6467002000000054e-01   7.2499999999999991e+00   7.8740000000000054e-01 -1 406 #xyz tv3 fid bid
           1.2946444565881357e+00   7.2499999999999991e+00   7.8740000000000054e-01 #xyz tv0
           3.6467002000000054e-01   7.2499999999999991e+00   8.0440000000000011e-01 #xyz tv1
           9.9599196812759949e-01   6.2475184152909868e+00   7.8740000000000054e-01 #xyz tv2
           3.6467002000000054e-01   7.2499999999999991e+00   7.8740000000000054e-01 -1 406 #xyz tv3 fid bid
           3.6467002000000054e-01   9.0000000000000071e+00   7.8740000000000054e-01 #xyz tv0
           0.0000000000000000e+00   8.8870747645505705e+00   7.8740000000000054e-01 #xyz tv1
           3.6467002000000054e-01   7.2499999999999991e+00   8.0440000000000011e-01 #xyz tv2
           3.6467002000000054e-01   7.2499999999999991e+00   7.8740000000000054e-01 -1 406 #xyz tv3 fid bid
           2.3530122089704217e-01   6.3889826441367052e+00   7.8740000000000054e-01 #xyz tv0
           9.9599196812759949e-01   6.2475184152909868e+00   7.8740000000000054e-01 #xyz tv1
           3.6467002000000054e-01   7.2499999999999991e+00   8.0440000000000011e-01 #xyz tv2
           3.6467002000000054e-01   7.2499999999999991e+00   7.8740000000000054e-01 -1 406 #xyz tv3 fid bid
           0.0000000000000000e+00   7.0622199633649032e+00   7.8740000000000054e-01 #xyz tv0
           3.6467002000000054e-01   7.2499999999999991e+00   7.8740000000000054e-01 #xyz tv1
           3.6467002000000054e-01   7.2499999999999991e+00   8.0440000000000011e-01 #xyz tv2
           0.0000000000000000e+00   8.8870747645505705e+00   7.8740000000000054e-01 -1 406 #xyz tv3 fid bid
           2.3530122089704217e-01   6.3889826441367052e+00   7.8740000000000054e-01 #xyz tv0
           3.6467002000000054e-01   7.2499999999999991e+00   8.0440000000000011e-01 #xyz tv1
           0.0000000000000000e+00   7.0622199633649032e+00   7.8740000000000054e-01 #xyz tv2
           3.6467002000000054e-01   7.2499999999999991e+00   7.8740000000000054e-01 -1 406 #xyz tv3 fid bid
           3.6467002000000054e-01   9.0000000000000071e+00   7.8740000000000054e-01 #xyz tv0
           3.6467002000000054e-01   7.2499999999999991e+00   8.0440000000000011e-01 #xyz tv1
           3.6467002000000054e-01   7.2499999999999991e+00   7.8740000000000054e-01 410 -1 #xyz tv2 fid bid
           1.2946444565881357e+00   7.2499999999999991e+00   7.8740000000000054e-01 #xyz tv0
           3.6467002000000054e-01   7.2499999999999991e+00   7.8740000000000054e-01 #xyz tv1
           3.6467002000000054e-01   7.2499999999999991e+00   8.0440000000000011e-01 409 -1 #xyz tv2 fid bid
           3.6467002000000054e-01   7.2499999999999991e+00   8.0440000000000011e-01 #xyz ev0
           3.6467002000000054e-01   7.2499999999999991e+00   7.8740000000000054e-01 -1 406 #xyz ev1 fid bid
   0   0.000000000000e+00   0.000000000000e+00   0.000000000000e+00 #flag location
END_ERR 
G3dErrFileVersion 2018P3.1
FlagFileMetaData Begin
   Mesh Size - Setup1, Refinement, Pass #9, Freq. 3.600000e+09 :Title    
   Listing of mesh elements with small segments. :ToolTip  
   hf3d :Author   
   1700579869 :TimeStamp
FlagFileMetaData End
BEGIN_ERR 
26 Small mesh segment detected on body : Leg1
 Small mesh segment detected on body : Leg1 
 Segment Statistics - Number of Segments : 1 --- Segment length(s) : 0.017000mm. The cutoff frequency for S-Matrix Only Solve is 11.99169832MHz 
3 -1  410  409  # nfids, fids[]
2 406  -1  # nbids, bids[]
      5 2 1 0 #ntets ntri ned npts
           8.2965723829406812e-01   7.2499999999999991e+00   7.8740000000000054e-01 #xyz tv0
           3.6467002000000054e-01   9.0000000000000071e+00   7.8740000000000054e-01 #xyz tv1
           3.6467002000000054e-01   7.2499999999999991e+00   8.0440000000000011e-01 #xyz tv2
           3.6467002000000054e-01   7.2499999999999991e+00   7.8740000000000054e-01 -1 406 #xyz tv3 fid bid
           8.2965723829406812e-01   7.2499999999999991e+00   7.8740000000000054e-01 #xyz tv0
           3.6467002000000054e-01   7.2499999999999991e+00   8.0440000000000011e-01 #xyz tv1
           6.8033099406380004e-01   6.7487592076454934e+00   7.8740000000000054e-01 #xyz tv2
           3.6467002000000054e-01   7.2499999999999991e+00   7.8740000000000054e-01 -1 406 #xyz tv3 fid bid
           3.6467002000000054e-01   9.0000000000000071e+00   7.8740000000000054e-01 #xyz tv0
           0.0000000000000000e+00   7.8903793192728875e+00   7.8740000000000054e-01 #xyz tv1
           3.6467002000000054e-01   7.2499999999999991e+00   8.0440000000000011e-01 #xyz tv2
           3.6467002000000054e-01   7.2499999999999991e+00   7.8740000000000054e-01 -1 406 #xyz tv3 fid bid
           0.0000000000000000e+00   6.7479612364434534e+00   7.8740000000000054e-01 #xyz tv0
           6.8033099406380004e-01   6.7487592076454934e+00   7.8740000000000054e-01 #xyz tv1
           3.6467002000000054e-01   7.2499999999999991e+00   8.0440000000000011e-01 #xyz tv2
           3.6467002000000054e-01   7.2499999999999991e+00   7.8740000000000054e-01 -1 406 #xyz tv3 fid bid
           0.0000000000000000e+00   7.8903793192728875e+00   7.8740000000000054e-01 #xyz tv0
           3.6467002000000054e-01   7.2499999999999991e+00   8.0440000000000011e-01 #xyz tv1
           3.6467002000000054e-01   7.2499999999999991e+00   7.8740000000000054e-01 #xyz tv2
           0.0000000000000000e+00   6.7479612364434534e+00   7.8740000000000054e-01 -1 406 #xyz tv3 fid bid
           3.6467002000000054e-01   9.0000000000000071e+00   7.8740000000000054e-01 #xyz tv0
           3.6467002000000054e-01   7.2499999999999991e+00   8.0440000000000011e-01 #xyz tv1
           3.6467002000000054e-01   7.2499999999999991e+00   7.8740000000000054e-01 410 -1 #xyz tv2 fid bid
           8.2965723829406812e-01   7.2499999999999991e+00   7.8740000000000054e-01 #xyz tv0
           3.6467002000000054e-01   7.2499999999999991e+00   7.8740000000000054e-01 #xyz tv1
           3.6467002000000054e-01   7.2499999999999991e+00   8.0440000000000011e-01 409 -1 #xyz tv2 fid bid
           3.6467002000000054e-01   7.2499999999999991e+00   8.0440000000000011e-01 #xyz ev0
           3.6467002000000054e-01   7.2499999999999991e+00   7.8740000000000054e-01 -1 406 #xyz ev1 fid bid
   0   0.000000000000e+00   0.000000000000e+00   0.000000000000e+00 #flag location
END_ERR 
G3dErrFileVersion 2018P3.1
FlagFileMetaData Begin
   Mesh Size - Setup1, Refinement, Pass #10, Freq. 3.600000e+09 :Title    
   Listing of mesh elements with small segments. :ToolTip  
   hf3d :Author   
   1700579871 :TimeStamp
FlagFileMetaData End
BEGIN_ERR 
26 Small mesh segment detected on body : Leg1
 Small mesh segment detected on body : Leg1 
 Segment Statistics - Number of Segments : 1 --- Segment length(s) : 0.017000mm. The cutoff frequency for S-Matrix Only Solve is 11.99169832MHz 
3 -1  410  409  # nfids, fids[]
2 406  -1  # nbids, bids[]
      7 2 1 0 #ntets ntri ned npts
           3.6467002000000054e-01   8.1250000000000036e+00   7.8740000000000054e-01 #xyz tv0
           3.6467002000000054e-01   7.2499999999999991e+00   8.0440000000000011e-01 #xyz tv1
           8.5866215057346418e-01   7.2499999999999991e+00   7.8740000000000054e-01 #xyz tv2
           3.6467002000000054e-01   7.2499999999999991e+00   7.8740000000000054e-01 -1 406 #xyz tv3 fid bid
           3.6467002000000054e-01   8.1250000000000036e+00   7.8740000000000054e-01 #xyz tv0
           0.0000000000000000e+00   8.0277261493036427e+00   7.8740000000000054e-01 #xyz tv1
           3.6467002000000054e-01   7.2499999999999991e+00   8.0440000000000011e-01 #xyz tv2
           3.6467002000000054e-01   7.2499999999999991e+00   7.8740000000000054e-01 -1 406 #xyz tv3 fid bid
           8.5866215057346418e-01   7.2499999999999991e+00   7.8740000000000054e-01 #xyz tv0
           3.6467002000000054e-01   7.2499999999999991e+00   8.0440000000000011e-01 #xyz tv1
           6.7787635040622940e-01   6.7301702451599166e+00   7.8740000000000054e-01 #xyz tv2
           3.6467002000000054e-01   7.2499999999999991e+00   7.8740000000000054e-01 -1 406 #xyz tv3 fid bid
           0.0000000000000000e+00   7.2336174045938133e+00   7.8740000000000054e-01 #xyz tv0
           3.6467002000000054e-01   7.2499999999999991e+00   7.8740000000000054e-01 #xyz tv1
           3.6467002000000054e-01   7.2499999999999991e+00   8.0440000000000011e-01 #xyz tv2
           0.0000000000000000e+00   8.0277261493036427e+00   7.8740000000000054e-01 -1 406 #xyz tv3 fid bid
           3.4286443255693644e-01   6.7004444639977425e+00   7.8740000000000054e-01 #xyz tv0
           3.6467002000000054e-01   7.2499999999999991e+00   8.0440000000000011e-01 #xyz tv1
           3.6467002000000054e-01   7.2499999999999991e+00   7.8740000000000054e-01 #xyz tv2
           6.7787635040622940e-01   6.7301702451599166e+00   7.8740000000000054e-01 -1 406 #xyz tv3 fid bid
           0.0000000000000000e+00   7.2336174045938133e+00   7.8740000000000054e-01 #xyz tv0
           3.6467002000000054e-01   7.2499999999999991e+00   8.0440000000000011e-01 #xyz tv1
           3.6467002000000054e-01   7.2499999999999991e+00   7.8740000000000054e-01 #xyz tv2
           0.0000000000000000e+00   6.3942387305664088e+00   7.8740000000000054e-01 -1 406 #xyz tv3 fid bid
           3.4286443255693644e-01   6.7004444639977425e+00   7.8740000000000054e-01 #xyz tv0
           3.6467002000000054e-01   7.2499999999999991e+00   7.8740000000000054e-01 #xyz tv1
           3.6467002000000054e-01   7.2499999999999991e+00   8.0440000000000011e-01 #xyz tv2
           0.0000000000000000e+00   6.3942387305664088e+00   7.8740000000000054e-01 -1 406 #xyz tv3 fid bid
           3.6467002000000054e-01   8.1250000000000036e+00   7.8740000000000054e-01 #xyz tv0
           3.6467002000000054e-01   7.2499999999999991e+00   8.0440000000000011e-01 #xyz tv1
           3.6467002000000054e-01   7.2499999999999991e+00   7.8740000000000054e-01 410 -1 #xyz tv2 fid bid
           8.5866215057346418e-01   7.2499999999999991e+00   7.8740000000000054e-01 #xyz tv0
           3.6467002000000054e-01   7.2499999999999991e+00   7.8740000000000054e-01 #xyz tv1
           3.6467002000000054e-01   7.2499999999999991e+00   8.0440000000000011e-01 409 -1 #xyz tv2 fid bid
           3.6467002000000054e-01   7.2499999999999991e+00   8.0440000000000011e-01 #xyz ev0
           3.6467002000000054e-01   7.2499999999999991e+00   7.8740000000000054e-01 -1 406 #xyz ev1 fid bid
   0   0.000000000000e+00   0.000000000000e+00   0.000000000000e+00 #flag location
END_ERR 
