G3dErrFileVersion 2018P3.1
FlagFileMetaData Begin
   Mesh Size - Setup1, Refinement, Pass #1, Freq. 1.100000e+10 :Title    
   Listing of mesh elements with small segments. :ToolTip  
   hf3d :Author   
   1693954010 :TimeStamp
FlagFileMetaData End
BEGIN_ERR 
26 Small mesh segment detected on body : Box1
 Small mesh segment detected on body : Box1 
 Segment Statistics - Number of Segments : 1 --- Segment length(s) : 8.295813mm. The cutoff frequency for S-Matrix Only Solve is 2.99792458MHz 
2 -1  36  # nfids, fids[]
2 34  -1  # nbids, bids[]
      5 2 1 0 #ntets ntri ned npts
           3.9894403649893375e+00   5.9706909033267507e+01   3.1554630731380442e+00 #xyz tv0
           0.0000000000000000e+00   6.2500000000000000e+01   0.0000000000000000e+00 #xyz tv1
           8.1879731374850806e+00   6.3833268146844546e+01   0.0000000000000000e+00 #xyz tv2
           3.0503005189541970e+00   6.5875394835969900e+01   4.4540822352835496e+00 -1 34 #xyz tv3 fid bid
           3.9894403649893375e+00   5.9706909033267507e+01   3.1554630731380442e+00 #xyz tv0
           8.1879731374850806e+00   6.3833268146844546e+01   0.0000000000000000e+00 #xyz tv1
           0.0000000000000000e+00   6.2500000000000000e+01   0.0000000000000000e+00 #xyz tv2
           6.0046784395321939e+00   5.6793237380002481e+01   0.0000000000000000e+00 -1 34 #xyz tv3 fid bid
           6.0046784395321939e+00   5.6793237380002481e+01   0.0000000000000000e+00 #xyz tv0
           4.2065977957542930e+00   6.5121703835563679e+01  -5.0000000000000000e+00 #xyz tv1
           8.1879731374850806e+00   6.3833268146844546e+01   0.0000000000000000e+00 #xyz tv2
           0.0000000000000000e+00   6.2500000000000000e+01   0.0000000000000000e+00 -1 34 #xyz tv3 fid bid
           4.2428400601434406e+00   6.9185575625018231e+01   0.0000000000000000e+00 #xyz tv0
           4.2065977957542930e+00   6.5121703835563679e+01  -5.0000000000000000e+00 #xyz tv1
           0.0000000000000000e+00   6.2500000000000000e+01   0.0000000000000000e+00 #xyz tv2
           8.1879731374850806e+00   6.3833268146844546e+01   0.0000000000000000e+00 -1 34 #xyz tv3 fid bid
           0.0000000000000000e+00   6.2500000000000000e+01   0.0000000000000000e+00 #xyz tv0
           8.1879731374850806e+00   6.3833268146844546e+01   0.0000000000000000e+00 #xyz tv1
           3.0503005189541970e+00   6.5875394835969900e+01   4.4540822352835496e+00 #xyz tv2
           4.2428400601434406e+00   6.9185575625018231e+01   0.0000000000000000e+00 -1 34 #xyz tv3 fid bid
           6.0046784395321939e+00   5.6793237380002481e+01   0.0000000000000000e+00 #xyz tv0
           0.0000000000000000e+00   6.2500000000000000e+01   0.0000000000000000e+00 #xyz tv1
           8.1879731374850806e+00   6.3833268146844546e+01   0.0000000000000000e+00 36 -1 #xyz tv2 fid bid
           4.2428400601434406e+00   6.9185575625018231e+01   0.0000000000000000e+00 #xyz tv0
           8.1879731374850806e+00   6.3833268146844546e+01   0.0000000000000000e+00 #xyz tv1
           0.0000000000000000e+00   6.2500000000000000e+01   0.0000000000000000e+00 36 -1 #xyz tv2 fid bid
           0.0000000000000000e+00   6.2500000000000000e+01   0.0000000000000000e+00 #xyz ev0
           8.1879731374850806e+00   6.3833268146844546e+01   0.0000000000000000e+00 -1 34 #xyz ev1 fid bid
   0   0.000000000000e+00   0.000000000000e+00   0.000000000000e+00 #flag location
END_ERR 
G3dErrFileVersion 2018P3.1
FlagFileMetaData Begin
   Mesh Size - Setup1, Refinement, Pass #2, Freq. 1.100000e+10 :Title    
   Listing of mesh elements with small segments. :ToolTip  
   hf3d :Author   
   1693954013 :TimeStamp
FlagFileMetaData End
BEGIN_ERR 
26 Small mesh segment detected on body : Box1
 Small mesh segment detected on body : Box1 
 Segment Statistics - Number of Segments : 1 --- Segment length(s) : 8.732688mm. The cutoff frequency for S-Matrix Only Solve is 2.99792458MHz 
2 -1  36  # nfids, fids[]
2 34  -1  # nbids, bids[]
      5 2 1 0 #ntets ntri ned npts
           3.9894403649893375e+00   5.9706909033267507e+01   3.1554630731380442e+00 #xyz tv0
           0.0000000000000000e+00   6.2500000000000000e+01   0.0000000000000000e+00 #xyz tv1
           8.6088401891269886e+00   6.3965507114289302e+01   0.0000000000000000e+00 #xyz tv2
           3.1514171180215307e+00   6.5967114039679331e+01   4.5518649084257046e+00 -1 34 #xyz tv3 fid bid
           3.9894403649893375e+00   5.9706909033267507e+01   3.1554630731380442e+00 #xyz tv0
           8.6088401891269886e+00   6.3965507114289302e+01   0.0000000000000000e+00 #xyz tv1
           0.0000000000000000e+00   6.2500000000000000e+01   0.0000000000000000e+00 #xyz tv2
           6.4174455743815981e+00   5.6754154955818535e+01   0.0000000000000000e+00 -1 34 #xyz tv3 fid bid
           6.4174455743815981e+00   5.6754154955818535e+01   0.0000000000000000e+00 #xyz tv0
           4.2065977957542930e+00   6.5121703835563679e+01  -5.0000000000000000e+00 #xyz tv1
           8.6088401891269886e+00   6.3965507114289302e+01   0.0000000000000000e+00 #xyz tv2
           0.0000000000000000e+00   6.2500000000000000e+01   0.0000000000000000e+00 -1 34 #xyz tv3 fid bid
           4.1015417565790129e+00   6.9217313806766413e+01   0.0000000000000000e+00 #xyz tv0
           4.2065977957542930e+00   6.5121703835563679e+01  -5.0000000000000000e+00 #xyz tv1
           0.0000000000000000e+00   6.2500000000000000e+01   0.0000000000000000e+00 #xyz tv2
           8.6088401891269886e+00   6.3965507114289302e+01   0.0000000000000000e+00 -1 34 #xyz tv3 fid bid
           0.0000000000000000e+00   6.2500000000000000e+01   0.0000000000000000e+00 #xyz tv0
           8.6088401891269886e+00   6.3965507114289302e+01   0.0000000000000000e+00 #xyz tv1
           3.1514171180215307e+00   6.5967114039679331e+01   4.5518649084257046e+00 #xyz tv2
           4.1015417565790129e+00   6.9217313806766413e+01   0.0000000000000000e+00 -1 34 #xyz tv3 fid bid
           6.4174455743815981e+00   5.6754154955818535e+01   0.0000000000000000e+00 #xyz tv0
           0.0000000000000000e+00   6.2500000000000000e+01   0.0000000000000000e+00 #xyz tv1
           8.6088401891269886e+00   6.3965507114289302e+01   0.0000000000000000e+00 36 -1 #xyz tv2 fid bid
           4.1015417565790129e+00   6.9217313806766413e+01   0.0000000000000000e+00 #xyz tv0
           8.6088401891269886e+00   6.3965507114289302e+01   0.0000000000000000e+00 #xyz tv1
           0.0000000000000000e+00   6.2500000000000000e+01   0.0000000000000000e+00 36 -1 #xyz tv2 fid bid
           0.0000000000000000e+00   6.2500000000000000e+01   0.0000000000000000e+00 #xyz ev0
           8.6088401891269886e+00   6.3965507114289302e+01   0.0000000000000000e+00 -1 34 #xyz ev1 fid bid
   0   0.000000000000e+00   0.000000000000e+00   0.000000000000e+00 #flag location
END_ERR 
