G3dErrFileVersion 2018P3.1
FlagFileMetaData Begin
   Mesh Size - Setup1, Refinement, Pass #1, Freq. 3.600000e+09 :Title    
   Listing of mesh elements with small segments. :ToolTip  
   hf3d :Author   
   1701182098 :TimeStamp
FlagFileMetaData End
BEGIN_ERR 
26 Small mesh segment detected on body : Airbox
 Small mesh segment detected on body : Airbox 
 Segment Statistics - Number of Segments : 1 --- Segment length(s) : 17.677670mm. The cutoff frequency for S-Matrix Only Solve is 5.99584916MHz 
2 -1  1098  # nfids, fids[]
2 1096  -1  # nbids, bids[]
      7 2 1 0 #ntets ntri ned npts
           1.2500000000000000e+01   1.2500000000000000e+01  -2.5400000000000000e+00 #xyz tv0
           0.0000000000000000e+00   1.2500000000000000e+01   0.0000000000000000e+00 #xyz tv1
           0.0000000000000000e+00   0.0000000000000000e+00  -2.5400000000000000e+00 #xyz tv2
           0.0000000000000000e+00   2.5000000000000000e+01  -2.5400000000000000e+00 -1 1096 #xyz tv3 fid bid
           0.0000000000000000e+00   2.5000000000000000e+01  -2.5400000000000000e+00 #xyz tv0
           1.2500000000000000e+01   1.2500000000000000e+01  -2.5400000000000000e+00 #xyz tv1
          -2.5000000000000036e+00  -2.5000000000000036e+00  -5.0800000000000001e+00 #xyz tv2
           0.0000000000000000e+00   0.0000000000000000e+00  -2.5400000000000000e+00 -1 1096 #xyz tv3 fid bid
           0.0000000000000000e+00   1.2500000000000000e+01   0.0000000000000000e+00 #xyz tv0
           1.2500000000000000e+01   1.2500000000000000e+01  -2.5400000000000000e+00 #xyz tv1
           6.2495478877314836e+00   1.8750452112268519e+01   0.0000000000000000e+00 #xyz tv2
           0.0000000000000000e+00   2.5000000000000000e+01  -2.5400000000000000e+00 -1 1096 #xyz tv3 fid bid
           0.0000000000000000e+00   2.5000000000000000e+01  -2.5400000000000000e+00 #xyz tv0
          -2.5000000000000036e+00  -2.5000000000000036e+00  -5.0800000000000001e+00 #xyz tv1
           1.2500000000000000e+01   1.2500000000000000e+01  -2.5400000000000000e+00 #xyz tv2
           2.5000000000000000e+01   2.5000000000000000e+01  -5.0800000000000001e+00 -1 1096 #xyz tv3 fid bid
           1.2500000000000000e+01   1.2500000000000000e+01  -2.5400000000000000e+00 #xyz tv0
           1.2500000000000000e+01   2.5000000000000000e+01   0.0000000000000000e+00 #xyz tv1
           6.2495478877314836e+00   1.8750452112268519e+01   0.0000000000000000e+00 #xyz tv2
           0.0000000000000000e+00   2.5000000000000000e+01  -2.5400000000000000e+00 -1 1096 #xyz tv3 fid bid
           1.2500000000000000e+01   1.2500000000000000e+01  -2.5400000000000000e+00 #xyz tv0
           0.0000000000000000e+00   2.5000000000000000e+01  -2.5400000000000000e+00 #xyz tv1
           2.5000000000000000e+01   2.5000000000000000e+01  -5.0800000000000001e+00 #xyz tv2
           2.5000000000000000e+01   2.5000000000000000e+01  -2.5400000000000000e+00 -1 1096 #xyz tv3 fid bid
           1.2500000000000000e+01   1.2500000000000000e+01  -2.5400000000000000e+00 #xyz tv0
           2.5000000000000000e+01   2.5000000000000000e+01  -2.5400000000000000e+00 #xyz tv1
           1.2500000000000000e+01   2.5000000000000000e+01   0.0000000000000000e+00 #xyz tv2
           0.0000000000000000e+00   2.5000000000000000e+01  -2.5400000000000000e+00 -1 1096 #xyz tv3 fid bid
           1.2500000000000000e+01   1.2500000000000000e+01  -2.5400000000000000e+00 #xyz tv0
           0.0000000000000000e+00   0.0000000000000000e+00  -2.5400000000000000e+00 #xyz tv1
           0.0000000000000000e+00   2.5000000000000000e+01  -2.5400000000000000e+00 1098 -1 #xyz tv2 fid bid
           1.2500000000000000e+01   1.2500000000000000e+01  -2.5400000000000000e+00 #xyz tv0
           0.0000000000000000e+00   2.5000000000000000e+01  -2.5400000000000000e+00 #xyz tv1
           2.5000000000000000e+01   2.5000000000000000e+01  -2.5400000000000000e+00 1098 -1 #xyz tv2 fid bid
           0.0000000000000000e+00   2.5000000000000000e+01  -2.5400000000000000e+00 #xyz ev0
           1.2500000000000000e+01   1.2500000000000000e+01  -2.5400000000000000e+00 -1 1096 #xyz ev1 fid bid
   0   0.000000000000e+00   0.000000000000e+00   0.000000000000e+00 #flag location
END_ERR 
G3dErrFileVersion 2018P3.1
FlagFileMetaData Begin
   Mesh Size - Setup1, Refinement, Pass #2, Freq. 3.600000e+09 :Title    
   Listing of mesh elements with small segments. :ToolTip  
   hf3d :Author   
   1701182101 :TimeStamp
FlagFileMetaData End
BEGIN_ERR 
26 Small mesh segment detected on body : Substrate
 Small mesh segment detected on body : Substrate 
 Segment Statistics - Number of Segments : 1 --- Segment length(s) : 0.261927mm. The cutoff frequency for S-Matrix Only Solve is 5.99584916MHz 
1 -1  # nfids, fids[]
1 1068  # nbids, bids[]
      8 0 1 0 #ntets ntri ned npts
           1.6042799357259454e+01   2.0024717154387041e+01   8.1280000000000008e-01 #xyz tv0
           9.5481775059086544e+00   2.5269398457126812e+01   4.6258787878787888e-01 #xyz tv1
           9.4229301254224982e+00   2.5092463278345001e+01   6.0960000000000003e-01 #xyz tv2
           1.2027987611895865e+01   1.4819906235221479e+01   8.1280000000000008e-01 -1 1068 #xyz tv3 fid bid
           1.6042799357259454e+01   2.0024717154387041e+01   8.1280000000000008e-01 #xyz tv0
           9.4229301254224982e+00   2.5092463278345001e+01   6.0960000000000003e-01 #xyz tv1
           9.5481775059086544e+00   2.5269398457126812e+01   4.6258787878787888e-01 #xyz tv2
           1.8845860250844996e+01   2.4815073443310002e+01   8.1280000000000008e-01 -1 1068 #xyz tv3 fid bid
           9.4229301254224982e+00   2.5092463278345001e+01   6.0960000000000003e-01 #xyz tv0
           9.5481775059086544e+00   2.5269398457126812e+01   4.6258787878787888e-01 #xyz tv1
           6.2495478877314845e+00   1.8750452112268519e+01   0.0000000000000000e+00 #xyz tv2
           1.2027987611895865e+01   1.4819906235221479e+01   8.1280000000000008e-01 -1 1068 #xyz tv3 fid bid
           9.4229301254224982e+00   2.5092463278345001e+01   6.0960000000000003e-01 #xyz tv0
           9.5481775059086544e+00   2.5269398457126812e+01   4.6258787878787888e-01 #xyz tv1
           1.8845860250844996e+01   2.4815073443310002e+01   8.1280000000000008e-01 #xyz tv2
           1.8845860250844996e+01   2.5184926556690002e+01   8.1280000000000008e-01 -1 1068 #xyz tv3 fid bid
           9.4229301254224982e+00   2.5092463278345001e+01   6.0960000000000003e-01 #xyz tv0
           6.2495478877314845e+00   1.8750452112268519e+01   0.0000000000000000e+00 #xyz tv1
           9.5481775059086544e+00   2.5269398457126812e+01   4.6258787878787888e-01 #xyz tv2
           0.0000000000000000e+00   2.5000000000000000e+01   4.0640000000000004e-01 -1 1068 #xyz tv3 fid bid
           9.4229301254224982e+00   2.5092463278345001e+01   6.0960000000000003e-01 #xyz tv0
           1.3461747507552335e+01   3.4200960928005692e+01   8.1280000000000008e-01 #xyz tv1
           9.5481775059086544e+00   2.5269398457126812e+01   4.6258787878787888e-01 #xyz tv2
           1.8845860250844996e+01   2.5184926556690002e+01   8.1280000000000008e-01 -1 1068 #xyz tv3 fid bid
           0.0000000000000000e+00   2.5000000000000000e+01   4.0640000000000004e-01 #xyz tv0
           4.7114650627112491e+00   3.1203768360827500e+01   8.1280000000000008e-01 #xyz tv1
           9.5481775059086544e+00   2.5269398457126812e+01   4.6258787878787888e-01 #xyz tv2
           9.4229301254224982e+00   2.5092463278345001e+01   6.0960000000000003e-01 -1 1068 #xyz tv3 fid bid
           9.5481775059086544e+00   2.5269398457126812e+01   4.6258787878787888e-01 #xyz tv0
           4.7114650627112491e+00   3.1203768360827500e+01   8.1280000000000008e-01 #xyz tv1
           1.3461747507552335e+01   3.4200960928005692e+01   8.1280000000000008e-01 #xyz tv2
           9.4229301254224982e+00   2.5092463278345001e+01   6.0960000000000003e-01 -1 1068 #xyz tv3 fid bid
           9.4229301254224982e+00   2.5092463278345001e+01   6.0960000000000003e-01 #xyz ev0
           9.5481775059086544e+00   2.5269398457126812e+01   4.6258787878787888e-01 -1 1068 #xyz ev1 fid bid
   0   0.000000000000e+00   0.000000000000e+00   0.000000000000e+00 #flag location
END_ERR 
G3dErrFileVersion 2018P3.1
FlagFileMetaData Begin
   Mesh Size - Setup1, Refinement, Pass #3, Freq. 3.600000e+09 :Title    
   Listing of mesh elements with small segments. :ToolTip  
   hf3d :Author   
   1701182104 :TimeStamp
FlagFileMetaData End
BEGIN_ERR 
26 Small mesh segment detected on body : Substrate
 Small mesh segment detected on body : Substrate 
 Segment Statistics - Number of Segments : 1 --- Segment length(s) : 0.261927mm. The cutoff frequency for S-Matrix Only Solve is 5.99584916MHz 
1 -1  # nfids, fids[]
1 1068  # nbids, bids[]
      9 0 1 0 #ntets ntri ned npts
           1.6153803879198666e+01   2.9692943742347847e+01   8.1280000000000008e-01 #xyz tv0
           9.4229301254224982e+00   2.5092463278345001e+01   6.0960000000000003e-01 #xyz tv1
           9.5481775059086544e+00   2.5269398457126812e+01   4.6258787878787888e-01 #xyz tv2
           1.3461747507552335e+01   3.4200960928005692e+01   8.1280000000000008e-01 -1 1068 #xyz tv3 fid bid
           9.5481775059086544e+00   2.5269398457126812e+01   4.6258787878787888e-01 #xyz tv0
           4.7114650627112491e+00   3.1203768360827500e+01   8.1280000000000008e-01 #xyz tv1
           1.3461747507552335e+01   3.4200960928005692e+01   8.1280000000000008e-01 #xyz tv2
           9.4229301254224982e+00   2.5092463278345001e+01   6.0960000000000003e-01 -1 1068 #xyz tv3 fid bid
           1.6153803879198666e+01   2.9692943742347847e+01   8.1280000000000008e-01 #xyz tv0
           9.5481775059086544e+00   2.5269398457126812e+01   4.6258787878787888e-01 #xyz tv1
           9.4229301254224982e+00   2.5092463278345001e+01   6.0960000000000003e-01 #xyz tv2
           1.8845860250844996e+01   2.5184926556690002e+01   8.1280000000000008e-01 -1 1068 #xyz tv3 fid bid
           0.0000000000000000e+00   2.5000000000000000e+01   4.0640000000000004e-01 #xyz tv0
           4.7114650627112491e+00   3.1203768360827500e+01   8.1280000000000008e-01 #xyz tv1
           9.5481775059086544e+00   2.5269398457126812e+01   4.6258787878787888e-01 #xyz tv2
           9.4229301254224982e+00   2.5092463278345001e+01   6.0960000000000003e-01 -1 1068 #xyz tv3 fid bid
           9.4229301254224982e+00   2.5092463278345001e+01   6.0960000000000003e-01 #xyz tv0
           9.5481775059086544e+00   2.5269398457126812e+01   4.6258787878787888e-01 #xyz tv1
           1.8845860250844996e+01   2.4815073443310002e+01   8.1280000000000008e-01 #xyz tv2
           1.8845860250844996e+01   2.5184926556690002e+01   8.1280000000000008e-01 -1 1068 #xyz tv3 fid bid
           1.6485684282833645e+01   2.0377035691077346e+01   8.1280000000000008e-01 #xyz tv0
           9.4229301254224982e+00   2.5092463278345001e+01   6.0960000000000003e-01 #xyz tv1
           9.5481775059086544e+00   2.5269398457126812e+01   4.6258787878787888e-01 #xyz tv2
           1.8845860250844996e+01   2.4815073443310002e+01   8.1280000000000008e-01 -1 1068 #xyz tv3 fid bid
           1.6485684282833645e+01   2.0377035691077346e+01   8.1280000000000008e-01 #xyz tv0
           9.5481775059086544e+00   2.5269398457126812e+01   4.6258787878787888e-01 #xyz tv1
           9.4229301254224982e+00   2.5092463278345001e+01   6.0960000000000003e-01 #xyz tv2
           1.1320678345474301e+01   1.4743685293045306e+01   8.1280000000000008e-01 -1 1068 #xyz tv3 fid bid
           9.4229301254224982e+00   2.5092463278345001e+01   6.0960000000000003e-01 #xyz tv0
           6.2495478877314845e+00   1.8750452112268519e+01   0.0000000000000000e+00 #xyz tv1
           9.5481775059086544e+00   2.5269398457126812e+01   4.6258787878787888e-01 #xyz tv2
           0.0000000000000000e+00   2.5000000000000000e+01   4.0640000000000004e-01 -1 1068 #xyz tv3 fid bid
           9.4229301254224982e+00   2.5092463278345001e+01   6.0960000000000003e-01 #xyz tv0
           9.5481775059086544e+00   2.5269398457126812e+01   4.6258787878787888e-01 #xyz tv1
           6.2495478877314845e+00   1.8750452112268519e+01   0.0000000000000000e+00 #xyz tv2
           1.1320678345474301e+01   1.4743685293045306e+01   8.1280000000000008e-01 -1 1068 #xyz tv3 fid bid
           9.4229301254224982e+00   2.5092463278345001e+01   6.0960000000000003e-01 #xyz ev0
           9.5481775059086544e+00   2.5269398457126812e+01   4.6258787878787888e-01 -1 1068 #xyz ev1 fid bid
   0   0.000000000000e+00   0.000000000000e+00   0.000000000000e+00 #flag location
END_ERR 
G3dErrFileVersion 2018P3.1
FlagFileMetaData Begin
   Mesh Size - Setup1, Refinement, Pass #4, Freq. 3.600000e+09 :Title    
   Listing of mesh elements with small segments. :ToolTip  
   hf3d :Author   
   1701182106 :TimeStamp
FlagFileMetaData End
BEGIN_ERR 
26 Small mesh segment detected on body : Substrate
 Small mesh segment detected on body : Substrate 
 Segment Statistics - Number of Segments : 1 --- Segment length(s) : 0.261927mm. The cutoff frequency for S-Matrix Only Solve is 5.99584916MHz 
1 -1  # nfids, fids[]
1 1068  # nbids, bids[]
      7 0 1 0 #ntets ntri ned npts
           1.5002313399596636e+01   2.5134265223039137e+01   8.1280000000000008e-01 #xyz tv0
           9.4229301254224982e+00   2.5092463278345001e+01   6.0960000000000003e-01 #xyz tv1
           1.4196760159926075e+01   2.1686087587160724e+01   0.0000000000000000e+00 #xyz tv2
           9.5481775059086544e+00   2.5269398457126812e+01   4.6258787878787888e-01 -1 1068 #xyz tv3 fid bid
           6.8960440963065084e+00   1.9233041820353119e+01   0.0000000000000000e+00 #xyz tv0
           1.4196760159926075e+01   2.1686087587160724e+01   0.0000000000000000e+00 #xyz tv1
           9.4229301254224982e+00   2.5092463278345001e+01   6.0960000000000003e-01 #xyz tv2
           9.5481775059086544e+00   2.5269398457126812e+01   4.6258787878787888e-01 -1 1068 #xyz tv3 fid bid
           1.5002313399596636e+01   2.5134265223039137e+01   8.1280000000000008e-01 #xyz tv0
           9.5481775059086544e+00   2.5269398457126812e+01   4.6258787878787888e-01 #xyz tv1
           1.6187147478891692e+01   2.9111032517822341e+01   8.1280000000000008e-01 #xyz tv2
           9.4229301254224982e+00   2.5092463278345001e+01   6.0960000000000003e-01 -1 1068 #xyz tv3 fid bid
           9.4229301254224982e+00   2.5092463278345001e+01   6.0960000000000003e-01 #xyz tv0
           6.8960440963065084e+00   1.9233041820353119e+01   0.0000000000000000e+00 #xyz tv1
           9.5481775059086544e+00   2.5269398457126812e+01   4.6258787878787888e-01 #xyz tv2
           0.0000000000000000e+00   2.5000000000000000e+01   4.0640000000000004e-01 -1 1068 #xyz tv3 fid bid
           1.6187147478891692e+01   2.9111032517822341e+01   8.1280000000000008e-01 #xyz tv0
           9.4229301254224982e+00   2.5092463278345001e+01   6.0960000000000003e-01 #xyz tv1
           9.5481775059086544e+00   2.5269398457126812e+01   4.6258787878787888e-01 #xyz tv2
           1.3626188502211626e+01   3.4055176494627617e+01   8.1280000000000008e-01 -1 1068 #xyz tv3 fid bid
           0.0000000000000000e+00   2.5000000000000000e+01   4.0640000000000004e-01 #xyz tv0
           4.7114650627112491e+00   3.1203768360827500e+01   8.1280000000000008e-01 #xyz tv1
           9.5481775059086544e+00   2.5269398457126812e+01   4.6258787878787888e-01 #xyz tv2
           9.4229301254224982e+00   2.5092463278345001e+01   6.0960000000000003e-01 -1 1068 #xyz tv3 fid bid
           9.5481775059086544e+00   2.5269398457126812e+01   4.6258787878787888e-01 #xyz tv0
           4.7114650627112491e+00   3.1203768360827500e+01   8.1280000000000008e-01 #xyz tv1
           1.3626188502211626e+01   3.4055176494627617e+01   8.1280000000000008e-01 #xyz tv2
           9.4229301254224982e+00   2.5092463278345001e+01   6.0960000000000003e-01 -1 1068 #xyz tv3 fid bid
           9.5481775059086544e+00   2.5269398457126812e+01   4.6258787878787888e-01 #xyz ev0
           9.4229301254224982e+00   2.5092463278345001e+01   6.0960000000000003e-01 -1 1068 #xyz ev1 fid bid
   0   0.000000000000e+00   0.000000000000e+00   0.000000000000e+00 #flag location
END_ERR 
G3dErrFileVersion 2018P3.1
FlagFileMetaData Begin
   Mesh Size - Setup1, Refinement, Pass #5, Freq. 3.600000e+09 :Title    
   Listing of mesh elements with small segments. :ToolTip  
   hf3d :Author   
   1701182109 :TimeStamp
FlagFileMetaData End
BEGIN_ERR 
26 Small mesh segment detected on body : Substrate
 Small mesh segment detected on body : Substrate 
 Segment Statistics - Number of Segments : 1 --- Segment length(s) : 0.261927mm. The cutoff frequency for S-Matrix Only Solve is 5.99584916MHz 
1 -1  # nfids, fids[]
1 1068  # nbids, bids[]
      7 0 1 0 #ntets ntri ned npts
           1.5520003214390805e+01   2.5209603439358048e+01   8.1280000000000008e-01 #xyz tv0
           9.4229301254224982e+00   2.5092463278345001e+01   6.0960000000000003e-01 #xyz tv1
           1.4196760159926075e+01   2.1686087587160728e+01   0.0000000000000000e+00 #xyz tv2
           9.5481775059086544e+00   2.5269398457126812e+01   4.6258787878787888e-01 -1 1068 #xyz tv3 fid bid
           6.8960440963065084e+00   1.9233041820353119e+01   0.0000000000000000e+00 #xyz tv0
           1.4196760159926075e+01   2.1686087587160728e+01   0.0000000000000000e+00 #xyz tv1
           9.4229301254224982e+00   2.5092463278345001e+01   6.0960000000000003e-01 #xyz tv2
           9.5481775059086544e+00   2.5269398457126812e+01   4.6258787878787888e-01 -1 1068 #xyz tv3 fid bid
           1.5520003214390805e+01   2.5209603439358048e+01   8.1280000000000008e-01 #xyz tv0
           9.5481775059086544e+00   2.5269398457126812e+01   4.6258787878787888e-01 #xyz tv1
           1.6187147478891692e+01   2.9111032517822341e+01   8.1280000000000008e-01 #xyz tv2
           9.4229301254224982e+00   2.5092463278345001e+01   6.0960000000000003e-01 -1 1068 #xyz tv3 fid bid
           9.4229301254224982e+00   2.5092463278345001e+01   6.0960000000000003e-01 #xyz tv0
           6.8960440963065084e+00   1.9233041820353119e+01   0.0000000000000000e+00 #xyz tv1
           9.5481775059086544e+00   2.5269398457126812e+01   4.6258787878787888e-01 #xyz tv2
           0.0000000000000000e+00   2.5000000000000000e+01   4.0640000000000004e-01 -1 1068 #xyz tv3 fid bid
           1.6187147478891692e+01   2.9111032517822341e+01   8.1280000000000008e-01 #xyz tv0
           9.4229301254224982e+00   2.5092463278345001e+01   6.0960000000000003e-01 #xyz tv1
           9.5481775059086544e+00   2.5269398457126812e+01   4.6258787878787888e-01 #xyz tv2
           1.3736339659609552e+01   3.3942111538830765e+01   8.1280000000000008e-01 -1 1068 #xyz tv3 fid bid
           0.0000000000000000e+00   2.5000000000000000e+01   4.0640000000000004e-01 #xyz tv0
           5.2201415256977963e+00   3.1627128822851798e+01   8.1280000000000008e-01 #xyz tv1
           9.5481775059086544e+00   2.5269398457126812e+01   4.6258787878787888e-01 #xyz tv2
           9.4229301254224982e+00   2.5092463278345001e+01   6.0960000000000003e-01 -1 1068 #xyz tv3 fid bid
           9.5481775059086544e+00   2.5269398457126812e+01   4.6258787878787888e-01 #xyz tv0
           5.2201415256977963e+00   3.1627128822851798e+01   8.1280000000000008e-01 #xyz tv1
           1.3736339659609552e+01   3.3942111538830765e+01   8.1280000000000008e-01 #xyz tv2
           9.4229301254224982e+00   2.5092463278345001e+01   6.0960000000000003e-01 -1 1068 #xyz tv3 fid bid
           9.5481775059086544e+00   2.5269398457126812e+01   4.6258787878787888e-01 #xyz ev0
           9.4229301254224982e+00   2.5092463278345001e+01   6.0960000000000003e-01 -1 1068 #xyz ev1 fid bid
   0   0.000000000000e+00   0.000000000000e+00   0.000000000000e+00 #flag location
END_ERR 
G3dErrFileVersion 2018P3.1
FlagFileMetaData Begin
   Mesh Size - Setup1, Refinement, Pass #6, Freq. 3.600000e+09 :Title    
   Listing of mesh elements with small segments. :ToolTip  
   hf3d :Author   
   1701182112 :TimeStamp
FlagFileMetaData End
BEGIN_ERR 
26 Small mesh segment detected on body : Airbox
 Small mesh segment detected on body : Airbox 
 Segment Statistics - Number of Segments : 1 --- Segment length(s) : 0.184927mm. The cutoff frequency for S-Matrix Only Solve is 5.99584916MHz 
2 -1  1069  # nfids, fids[]
2 1096  -1  # nbids, bids[]
      4 2 1 0 #ntets ntri ned npts
           2.2607225156778128e+01   2.5000000000000000e+01   8.1280000000000008e-01 #xyz tv0
           2.2598755425516487e+01   2.5517588353107087e+01   1.4026143598518108e+00 #xyz tv1
           2.1703224574892115e+01   2.5184926556690002e+01   8.1280000000000008e-01 #xyz tv2
           2.2607225156778128e+01   2.5184926556690002e+01   8.1280000000000008e-01 -1 1096 #xyz tv3 fid bid
           2.2607225156778128e+01   2.5184926556690002e+01   8.1280000000000008e-01 #xyz tv0
           2.2607225156778128e+01   2.5000000000000000e+01   8.1280000000000008e-01 #xyz tv1
           2.2573768465740336e+01   2.5069756372565557e+01   5.0376858632543930e-01 #xyz tv2
           2.1703224574892115e+01   2.5184926556690002e+01   8.1280000000000008e-01 -1 1096 #xyz tv3 fid bid
           2.2607225156778128e+01   2.5184926556690002e+01   8.1280000000000008e-01 #xyz tv0
           2.2573768465740336e+01   2.5069756372565557e+01   5.0376858632543930e-01 #xyz tv1
           2.2607225156778128e+01   2.5000000000000000e+01   8.1280000000000008e-01 #xyz tv2
           2.3264680125422501e+01   2.5184926556690002e+01   8.1280000000000008e-01 -1 1096 #xyz tv3 fid bid
           2.2598755425516487e+01   2.5517588353107087e+01   1.4026143598518108e+00 #xyz tv0
           2.2607225156778128e+01   2.5184926556690002e+01   8.1280000000000008e-01 #xyz tv1
           2.2607225156778128e+01   2.5000000000000000e+01   8.1280000000000008e-01 #xyz tv2
           2.3264680125422501e+01   2.5184926556690002e+01   8.1280000000000008e-01 -1 1096 #xyz tv3 fid bid
           2.2607225156778128e+01   2.5184926556690002e+01   8.1280000000000008e-01 #xyz tv0
           2.1703224574892115e+01   2.5184926556690002e+01   8.1280000000000008e-01 #xyz tv1
           2.2607225156778128e+01   2.5000000000000000e+01   8.1280000000000008e-01 1069 -1 #xyz tv2 fid bid
           2.2607225156778128e+01   2.5184926556690002e+01   8.1280000000000008e-01 #xyz tv0
           2.2607225156778128e+01   2.5000000000000000e+01   8.1280000000000008e-01 #xyz tv1
           2.3264680125422501e+01   2.5184926556690002e+01   8.1280000000000008e-01 1069 -1 #xyz tv2 fid bid
           2.2607225156778128e+01   2.5000000000000000e+01   8.1280000000000008e-01 #xyz ev0
           2.2607225156778128e+01   2.5184926556690002e+01   8.1280000000000008e-01 -1 1096 #xyz ev1 fid bid
   0   0.000000000000e+00   0.000000000000e+00   0.000000000000e+00 #flag location
END_ERR 
G3dErrFileVersion 2018P3.1
FlagFileMetaData Begin
   Mesh Size - Setup1, Refinement, Pass #7, Freq. 3.600000e+09 :Title    
   Listing of mesh elements with small segments. :ToolTip  
   hf3d :Author   
   1701182114 :TimeStamp
FlagFileMetaData End
BEGIN_ERR 
26 Small mesh segment detected on body : Airbox
 Small mesh segment detected on body : Airbox 
 Segment Statistics - Number of Segments : 1 --- Segment length(s) : 0.185318mm. The cutoff frequency for S-Matrix Only Solve is 5.99584916MHz 
2 -1  1069  # nfids, fids[]
2 1096  -1  # nbids, bids[]
      5 2 1 0 #ntets ntri ned npts
           2.2607225156778128e+01   2.5184926556690002e+01   8.1280000000000008e-01 #xyz tv0
           2.2263842299363283e+01   2.5162974847341985e+01   1.3090988445496514e+00 #xyz tv1
           2.2595189943299275e+01   2.5000000000000000e+01   8.1280000000000008e-01 #xyz tv2
           2.1703224574892118e+01   2.5184926556690002e+01   8.1280000000000008e-01 -1 1096 #xyz tv3 fid bid
           2.2607225156778128e+01   2.5184926556690002e+01   8.1280000000000008e-01 #xyz tv0
           2.2263842299363283e+01   2.5162974847341985e+01   1.3090988445496514e+00 #xyz tv1
           2.3019090312171489e+01   2.4744225402306693e+01   1.3474517008925277e+00 #xyz tv2
           2.2595189943299275e+01   2.5000000000000000e+01   8.1280000000000008e-01 -1 1096 #xyz tv3 fid bid
           2.2607225156778128e+01   2.5184926556690002e+01   8.1280000000000008e-01 #xyz tv0
           2.2595189943299275e+01   2.5000000000000000e+01   8.1280000000000008e-01 #xyz tv1
           2.2573768465740336e+01   2.5069756372565557e+01   5.0376858632543930e-01 #xyz tv2
           2.1703224574892118e+01   2.5184926556690002e+01   8.1280000000000008e-01 -1 1096 #xyz tv3 fid bid
           2.2607225156778128e+01   2.5184926556690002e+01   8.1280000000000008e-01 #xyz tv0
           2.3019090312171489e+01   2.4744225402306693e+01   1.3474517008925277e+00 #xyz tv1
           2.3294591896044754e+01   2.5184926556690002e+01   8.1280000000000008e-01 #xyz tv2
           2.2595189943299275e+01   2.5000000000000000e+01   8.1280000000000008e-01 -1 1096 #xyz tv3 fid bid
           2.2607225156778128e+01   2.5184926556690002e+01   8.1280000000000008e-01 #xyz tv0
           2.2573768465740336e+01   2.5069756372565557e+01   5.0376858632543930e-01 #xyz tv1
           2.2595189943299275e+01   2.5000000000000000e+01   8.1280000000000008e-01 #xyz tv2
           2.3294591896044754e+01   2.5184926556690002e+01   8.1280000000000008e-01 -1 1096 #xyz tv3 fid bid
           2.2607225156778128e+01   2.5184926556690002e+01   8.1280000000000008e-01 #xyz tv0
           2.1703224574892118e+01   2.5184926556690002e+01   8.1280000000000008e-01 #xyz tv1
           2.2595189943299275e+01   2.5000000000000000e+01   8.1280000000000008e-01 1069 -1 #xyz tv2 fid bid
           2.2607225156778128e+01   2.5184926556690002e+01   8.1280000000000008e-01 #xyz tv0
           2.2595189943299275e+01   2.5000000000000000e+01   8.1280000000000008e-01 #xyz tv1
           2.3294591896044754e+01   2.5184926556690002e+01   8.1280000000000008e-01 1069 -1 #xyz tv2 fid bid
           2.2595189943299275e+01   2.5000000000000000e+01   8.1280000000000008e-01 #xyz ev0
           2.2607225156778128e+01   2.5184926556690002e+01   8.1280000000000008e-01 -1 1096 #xyz ev1 fid bid
   0   0.000000000000e+00   0.000000000000e+00   0.000000000000e+00 #flag location
END_ERR 
G3dErrFileVersion 2018P3.1
FlagFileMetaData Begin
   Mesh Size - Setup1, Refinement, Pass #8, Freq. 3.600000e+09 :Title    
   Listing of mesh elements with small segments. :ToolTip  
   hf3d :Author   
   1701182117 :TimeStamp
FlagFileMetaData End
BEGIN_ERR 
26 Small mesh segment detected on body : Airbox
 Small mesh segment detected on body : Airbox 
 Segment Statistics - Number of Segments : 1 --- Segment length(s) : 0.185108mm. The cutoff frequency for S-Matrix Only Solve is 5.99584916MHz 
2 -1  1069  # nfids, fids[]
2 1096  -1  # nbids, bids[]
      6 2 1 0 #ntets ntri ned npts
           2.2603372881571229e+01   2.4815073443310002e+01   8.1280000000000008e-01 #xyz tv0
           2.2262190600313378e+01   2.5173636489905327e+01   1.2498441899390262e+00 #xyz tv1
           2.2155224865835123e+01   2.5184926556690002e+01   8.1280000000000008e-01 #xyz tv2
           2.2595189943299275e+01   2.5000000000000000e+01   8.1280000000000008e-01 -1 1096 #xyz tv3 fid bid
           2.2527765490509026e+01   2.5104550895070638e+01   5.2410124324241769e-01 #xyz tv0
           2.2603372881571229e+01   2.4815073443310002e+01   8.1280000000000008e-01 #xyz tv1
           2.2155224865835123e+01   2.5184926556690002e+01   8.1280000000000008e-01 #xyz tv2
           2.2595189943299275e+01   2.5000000000000000e+01   8.1280000000000008e-01 -1 1096 #xyz tv3 fid bid
           2.2603372881571229e+01   2.4815073443310002e+01   8.1280000000000008e-01 #xyz tv0
           2.2989250759737914e+01   2.4812028498993890e+01   1.2719087514358194e+00 #xyz tv1
           2.2262190600313378e+01   2.5173636489905327e+01   1.2498441899390262e+00 #xyz tv2
           2.2595189943299275e+01   2.5000000000000000e+01   8.1280000000000008e-01 -1 1096 #xyz tv3 fid bid
           2.2595189943299275e+01   2.5000000000000000e+01   8.1280000000000008e-01 #xyz tv0
           2.2603372881571229e+01   2.4815073443310002e+01   8.1280000000000008e-01 #xyz tv1
           2.2985203205320467e+01   2.4914784199902797e+01   3.1089556343172686e-01 #xyz tv2
           2.2527765490509026e+01   2.5104550895070638e+01   5.2410124324241769e-01 -1 1096 #xyz tv3 fid bid
           2.2989250759737914e+01   2.4812028498993890e+01   1.2719087514358194e+00 #xyz tv0
           2.2595189943299275e+01   2.5000000000000000e+01   8.1280000000000008e-01 #xyz tv1
           2.2603372881571229e+01   2.4815073443310002e+01   8.1280000000000008e-01 #xyz tv2
           2.3418771133698534e+01   2.4815073443310002e+01   8.1280000000000008e-01 -1 1096 #xyz tv3 fid bid
           2.2595189943299275e+01   2.5000000000000000e+01   8.1280000000000008e-01 #xyz tv0
           2.2985203205320467e+01   2.4914784199902797e+01   3.1089556343172686e-01 #xyz tv1
           2.2603372881571229e+01   2.4815073443310002e+01   8.1280000000000008e-01 #xyz tv2
           2.3418771133698534e+01   2.4815073443310002e+01   8.1280000000000008e-01 -1 1096 #xyz tv3 fid bid
           2.2603372881571229e+01   2.4815073443310002e+01   8.1280000000000008e-01 #xyz tv0
           2.3418771133698534e+01   2.4815073443310002e+01   8.1280000000000008e-01 #xyz tv1
           2.2595189943299275e+01   2.5000000000000000e+01   8.1280000000000008e-01 1069 -1 #xyz tv2 fid bid
           2.2155224865835123e+01   2.5184926556690002e+01   8.1280000000000008e-01 #xyz tv0
           2.2603372881571229e+01   2.4815073443310002e+01   8.1280000000000008e-01 #xyz tv1
           2.2595189943299275e+01   2.5000000000000000e+01   8.1280000000000008e-01 1069 -1 #xyz tv2 fid bid
           2.2595189943299275e+01   2.5000000000000000e+01   8.1280000000000008e-01 #xyz ev0
           2.2603372881571229e+01   2.4815073443310002e+01   8.1280000000000008e-01 -1 1096 #xyz ev1 fid bid
   0   0.000000000000e+00   0.000000000000e+00   0.000000000000e+00 #flag location
END_ERR 
G3dErrFileVersion 2018P3.1
FlagFileMetaData Begin
   Mesh Size - Setup1, Refinement, Pass #1, Freq. 3.600000e+09 :Title    
   Listing of mesh elements with small segments. :ToolTip  
   hf3d :Author   
   1701182626 :TimeStamp
FlagFileMetaData End
BEGIN_ERR 
26 Small mesh segment detected on body : Airbox
 Small mesh segment detected on body : Airbox 
 Segment Statistics - Number of Segments : 1 --- Segment length(s) : 17.677670mm. The cutoff frequency for S-Matrix Only Solve is 5.99584916MHz 
2 -1  1098  # nfids, fids[]
2 1096  -1  # nbids, bids[]
      7 2 1 0 #ntets ntri ned npts
           1.2500000000000000e+01   1.2500000000000000e+01  -2.5400000000000000e+00 #xyz tv0
           0.0000000000000000e+00   1.2500000000000000e+01   0.0000000000000000e+00 #xyz tv1
           0.0000000000000000e+00   0.0000000000000000e+00  -2.5400000000000000e+00 #xyz tv2
           0.0000000000000000e+00   2.5000000000000000e+01  -2.5400000000000000e+00 -1 1096 #xyz tv3 fid bid
           0.0000000000000000e+00   2.5000000000000000e+01  -2.5400000000000000e+00 #xyz tv0
           1.2500000000000000e+01   1.2500000000000000e+01  -2.5400000000000000e+00 #xyz tv1
          -2.5000000000000036e+00  -2.5000000000000036e+00  -5.0800000000000001e+00 #xyz tv2
           0.0000000000000000e+00   0.0000000000000000e+00  -2.5400000000000000e+00 -1 1096 #xyz tv3 fid bid
           0.0000000000000000e+00   1.2500000000000000e+01   0.0000000000000000e+00 #xyz tv0
           1.2500000000000000e+01   1.2500000000000000e+01  -2.5400000000000000e+00 #xyz tv1
           6.2495478877314836e+00   1.8750452112268519e+01   0.0000000000000000e+00 #xyz tv2
           0.0000000000000000e+00   2.5000000000000000e+01  -2.5400000000000000e+00 -1 1096 #xyz tv3 fid bid
           0.0000000000000000e+00   2.5000000000000000e+01  -2.5400000000000000e+00 #xyz tv0
          -2.5000000000000036e+00  -2.5000000000000036e+00  -5.0800000000000001e+00 #xyz tv1
           1.2500000000000000e+01   1.2500000000000000e+01  -2.5400000000000000e+00 #xyz tv2
           2.5000000000000000e+01   2.5000000000000000e+01  -5.0800000000000001e+00 -1 1096 #xyz tv3 fid bid
           1.2500000000000000e+01   1.2500000000000000e+01  -2.5400000000000000e+00 #xyz tv0
           1.2500000000000000e+01   2.5000000000000000e+01   0.0000000000000000e+00 #xyz tv1
           6.2495478877314836e+00   1.8750452112268519e+01   0.0000000000000000e+00 #xyz tv2
           0.0000000000000000e+00   2.5000000000000000e+01  -2.5400000000000000e+00 -1 1096 #xyz tv3 fid bid
           1.2500000000000000e+01   1.2500000000000000e+01  -2.5400000000000000e+00 #xyz tv0
           0.0000000000000000e+00   2.5000000000000000e+01  -2.5400000000000000e+00 #xyz tv1
           2.5000000000000000e+01   2.5000000000000000e+01  -5.0800000000000001e+00 #xyz tv2
           2.5000000000000000e+01   2.5000000000000000e+01  -2.5400000000000000e+00 -1 1096 #xyz tv3 fid bid
           1.2500000000000000e+01   1.2500000000000000e+01  -2.5400000000000000e+00 #xyz tv0
           2.5000000000000000e+01   2.5000000000000000e+01  -2.5400000000000000e+00 #xyz tv1
           1.2500000000000000e+01   2.5000000000000000e+01   0.0000000000000000e+00 #xyz tv2
           0.0000000000000000e+00   2.5000000000000000e+01  -2.5400000000000000e+00 -1 1096 #xyz tv3 fid bid
           1.2500000000000000e+01   1.2500000000000000e+01  -2.5400000000000000e+00 #xyz tv0
           0.0000000000000000e+00   0.0000000000000000e+00  -2.5400000000000000e+00 #xyz tv1
           0.0000000000000000e+00   2.5000000000000000e+01  -2.5400000000000000e+00 1098 -1 #xyz tv2 fid bid
           1.2500000000000000e+01   1.2500000000000000e+01  -2.5400000000000000e+00 #xyz tv0
           0.0000000000000000e+00   2.5000000000000000e+01  -2.5400000000000000e+00 #xyz tv1
           2.5000000000000000e+01   2.5000000000000000e+01  -2.5400000000000000e+00 1098 -1 #xyz tv2 fid bid
           0.0000000000000000e+00   2.5000000000000000e+01  -2.5400000000000000e+00 #xyz ev0
           1.2500000000000000e+01   1.2500000000000000e+01  -2.5400000000000000e+00 -1 1096 #xyz ev1 fid bid
   0   0.000000000000e+00   0.000000000000e+00   0.000000000000e+00 #flag location
END_ERR 
G3dErrFileVersion 2018P3.1
FlagFileMetaData Begin
   Mesh Size - Setup1, Refinement, Pass #2, Freq. 3.600000e+09 :Title    
   Listing of mesh elements with small segments. :ToolTip  
   hf3d :Author   
   1701182628 :TimeStamp
FlagFileMetaData End
BEGIN_ERR 
26 Small mesh segment detected on body : Substrate
 Small mesh segment detected on body : Substrate 
 Segment Statistics - Number of Segments : 1 --- Segment length(s) : 0.261828mm. The cutoff frequency for S-Matrix Only Solve is 5.99584916MHz 
1 -1  # nfids, fids[]
1 1068  # nbids, bids[]
      8 0 1 0 #ntets ntri ned npts
           1.6040884797196750e+01   2.0030713527679570e+01   8.1280000000000008e-01 #xyz tv0
           9.5479720786198925e+00   2.5269398457126812e+01   4.6258787878787888e-01 #xyz tv1
           9.4229301254224982e+00   2.5092463278345001e+01   6.0960000000000003e-01 #xyz tv2
           1.2025577265041072e+01   1.4819906235221479e+01   8.1280000000000008e-01 -1 1068 #xyz tv3 fid bid
           1.6040884797196750e+01   2.0030713527679570e+01   8.1280000000000008e-01 #xyz tv0
           9.4229301254224982e+00   2.5092463278345001e+01   6.0960000000000003e-01 #xyz tv1
           9.5479720786198925e+00   2.5269398457126812e+01   4.6258787878787888e-01 #xyz tv2
           1.8845860250844996e+01   2.4815073443310002e+01   8.1280000000000008e-01 -1 1068 #xyz tv3 fid bid
           9.4229301254224982e+00   2.5092463278345001e+01   6.0960000000000003e-01 #xyz tv0
           9.5479720786198925e+00   2.5269398457126812e+01   4.6258787878787888e-01 #xyz tv1
           6.2495478877314845e+00   1.8750452112268519e+01   0.0000000000000000e+00 #xyz tv2
           1.2025577265041072e+01   1.4819906235221479e+01   8.1280000000000008e-01 -1 1068 #xyz tv3 fid bid
           9.4229301254224982e+00   2.5092463278345001e+01   6.0960000000000003e-01 #xyz tv0
           9.5479720786198925e+00   2.5269398457126812e+01   4.6258787878787888e-01 #xyz tv1
           1.8845860250844996e+01   2.4815073443310002e+01   8.1280000000000008e-01 #xyz tv2
           1.8845860250844996e+01   2.5184926556690002e+01   8.1280000000000008e-01 -1 1068 #xyz tv3 fid bid
           9.4229301254224982e+00   2.5092463278345001e+01   6.0960000000000003e-01 #xyz tv0
           6.2495478877314845e+00   1.8750452112268519e+01   0.0000000000000000e+00 #xyz tv1
           9.5479720786198925e+00   2.5269398457126812e+01   4.6258787878787888e-01 #xyz tv2
           0.0000000000000000e+00   2.5000000000000000e+01   4.0640000000000004e-01 -1 1068 #xyz tv3 fid bid
           9.4229301254224982e+00   2.5092463278345001e+01   6.0960000000000003e-01 #xyz tv0
           1.3461747507552335e+01   3.4200960928005692e+01   8.1280000000000008e-01 #xyz tv1
           9.5479720786198925e+00   2.5269398457126812e+01   4.6258787878787888e-01 #xyz tv2
           1.8845860250844996e+01   2.5184926556690002e+01   8.1280000000000008e-01 -1 1068 #xyz tv3 fid bid
           0.0000000000000000e+00   2.5000000000000000e+01   4.0640000000000004e-01 #xyz tv0
           4.7114650627112491e+00   3.1203768360827500e+01   8.1280000000000008e-01 #xyz tv1
           9.5479720786198925e+00   2.5269398457126812e+01   4.6258787878787888e-01 #xyz tv2
           9.4229301254224982e+00   2.5092463278345001e+01   6.0960000000000003e-01 -1 1068 #xyz tv3 fid bid
           9.5479720786198925e+00   2.5269398457126812e+01   4.6258787878787888e-01 #xyz tv0
           4.7114650627112491e+00   3.1203768360827500e+01   8.1280000000000008e-01 #xyz tv1
           1.3461747507552335e+01   3.4200960928005692e+01   8.1280000000000008e-01 #xyz tv2
           9.4229301254224982e+00   2.5092463278345001e+01   6.0960000000000003e-01 -1 1068 #xyz tv3 fid bid
           9.4229301254224982e+00   2.5092463278345001e+01   6.0960000000000003e-01 #xyz ev0
           9.5479720786198925e+00   2.5269398457126812e+01   4.6258787878787888e-01 -1 1068 #xyz ev1 fid bid
   0   0.000000000000e+00   0.000000000000e+00   0.000000000000e+00 #flag location
END_ERR 
G3dErrFileVersion 2018P3.1
FlagFileMetaData Begin
   Mesh Size - Setup1, Refinement, Pass #3, Freq. 3.600000e+09 :Title    
   Listing of mesh elements with small segments. :ToolTip  
   hf3d :Author   
   1701182631 :TimeStamp
FlagFileMetaData End
BEGIN_ERR 
26 Small mesh segment detected on body : Substrate
 Small mesh segment detected on body : Substrate 
 Segment Statistics - Number of Segments : 1 --- Segment length(s) : 0.261828mm. The cutoff frequency for S-Matrix Only Solve is 5.99584916MHz 
1 -1  # nfids, fids[]
1 1068  # nbids, bids[]
      9 0 1 0 #ntets ntri ned npts
           1.6153803879198666e+01   2.9692943742347847e+01   8.1280000000000008e-01 #xyz tv0
           9.4229301254224982e+00   2.5092463278345001e+01   6.0960000000000003e-01 #xyz tv1
           9.5479720786198925e+00   2.5269398457126812e+01   4.6258787878787888e-01 #xyz tv2
           1.3461747507552335e+01   3.4200960928005692e+01   8.1280000000000008e-01 -1 1068 #xyz tv3 fid bid
           9.5479720786198925e+00   2.5269398457126812e+01   4.6258787878787888e-01 #xyz tv0
           4.7114650627112491e+00   3.1203768360827500e+01   8.1280000000000008e-01 #xyz tv1
           1.3461747507552335e+01   3.4200960928005692e+01   8.1280000000000008e-01 #xyz tv2
           9.4229301254224982e+00   2.5092463278345001e+01   6.0960000000000003e-01 -1 1068 #xyz tv3 fid bid
           1.6153803879198666e+01   2.9692943742347847e+01   8.1280000000000008e-01 #xyz tv0
           9.5479720786198925e+00   2.5269398457126812e+01   4.6258787878787888e-01 #xyz tv1
           9.4229301254224982e+00   2.5092463278345001e+01   6.0960000000000003e-01 #xyz tv2
           1.8845860250844996e+01   2.5184926556690002e+01   8.1280000000000008e-01 -1 1068 #xyz tv3 fid bid
           0.0000000000000000e+00   2.5000000000000000e+01   4.0640000000000004e-01 #xyz tv0
